partida 1:
  match 1:
    set 1:
      game 1:
        [1, 0] [1, 1] [1, 2] [2, 2] [2, 3] [3, 3] [4, 3] [4, 4] [5, 4] [5, 5] [6, 5] [6, 6] [6, 7] [7, 7] [7, 8] [8, 8] [9, 8] [9, 9] [10, 9] [11, 9] 
      game 2:
        [1, 0] [1, 1] [2, 1] [3, 1] [3, 2] [4, 2] 
      game 3:
        [0, 1] [1, 1] [2, 1] [3, 1] [4, 1] 
      game 4:
        [1, 0] [2, 0] [2, 1] [3, 1] [4, 1] 
      game 5:
        [0, 1] [1, 1] [2, 1] [3, 1] [4, 1] 
      game 6:
        [1, 0] [1, 1] [1, 2] [2, 2] [3, 2] [4, 2] 
    result: [6, 0]
    set 2:
      game 1:
        [0, 1] [1, 1] [2, 1] [3, 1] [3, 2] [4, 2] 
      game 2:
        [0, 1] [1, 1] [2, 1] [2, 2] [3, 2] [4, 2] 
      game 3:
        [1, 0] [2, 0] [3, 0] [4, 0] 
      game 4:
        [0, 1] [0, 2] [1, 2] [2, 2] [3, 2] [4, 2] 
      game 5:
        [0, 1] [0, 2] [1, 2] [2, 2] [3, 2] [4, 2] 
      game 6:
        [1, 0] [1, 1] [2, 1] [3, 1] [4, 1] 
    result: [6, 0]
  match 2:
    set 1:
      game 1:
        [0, 1] [0, 2] [1, 2] [2, 2] [3, 2] [4, 2] 
      game 2:
        [1, 0] [2, 0] [3, 0] [4, 0] 
      game 3:
        [0, 1] [0, 2] [1, 2] [2, 2] [2, 3] [3, 3] [4, 3] [5, 3] 
      game 4:
        [1, 0] [2, 0] [2, 1] [2, 2] [2, 3] [3, 3] [4, 3] [5, 3] 
      game 5:
        [0, 1] [1, 1] [1, 2] [2, 2] [2, 3] [3, 3] [4, 3] [5, 3] 
      game 6:
        [1, 0] [2, 0] [3, 0] [4, 0] 
    result: [6, 0]
    set 2:
      game 1:
        [1, 0] [2, 0] [3, 0] [3, 1] [4, 1] 
      game 2:
        [0, 1] [1, 1] [2, 1] [3, 1] [4, 1] 
      game 3:
        [1, 0] [1, 1] [2, 1] [3, 1] [4, 1] 
      game 4:
        [1, 0] [2, 0] [3, 0] [4, 0] 
      game 5:
        [1, 0] [2, 0] [3, 0] [4, 0] 
      game 6:
        [1, 0] [2, 0] [3, 0] [4, 0] 
    result: [6, 0]
  match 3:
    set 1:
      game 1:
        [0, 1] [1, 1] [2, 1] [3, 1] [3, 2] [4, 2] 
      game 2:
        [1, 0] [2, 0] [3, 0] [4, 0] 
      game 3:
        [1, 0] [2, 0] [3, 0] [4, 0] 
      game 4:
        [1, 0] [2, 0] [3, 0] [4, 0] 
      game 5:
        [0, 1] [0, 2] [0, 3] [1, 3] [2, 3] [3, 3] [3, 4] [4, 4] [5, 4] [5, 5] [5, 6] [5, 7] 
      game 6:
        [1, 0] [1, 1] [1, 2] [2, 2] [3, 2] [3, 3] [4, 3] [5, 3] 
      game 7:
        [1, 0] [1, 1] [1, 2] [1, 3] [2, 3] [3, 3] [3, 4] [4, 4] [5, 4] [5, 5] [5, 6] [6, 6] [7, 6] [8, 6] 
    result: [6, 1]
    set 2:
      game 1:
        [1, 0] [2, 0] [2, 1] [3, 1] [3, 2] [3, 3] [4, 3] [5, 3] 
      game 2:
        [1, 0] [1, 1] [2, 1] [2, 2] [3, 2] [4, 2] 
      game 3:
        [0, 1] [0, 2] [0, 3] [1, 3] [2, 3] [3, 3] [3, 4] [3, 5] 
      game 4:
        [0, 1] [0, 2] [1, 2] [1, 3] [2, 3] [3, 3] [4, 3] [4, 4] [5, 4] [5, 5] [6, 5] [7, 5] 
      game 5:
        [1, 0] [2, 0] [3, 0] [4, 0] 
      game 6:
        [1, 0] [2, 0] [2, 1] [2, 2] [2, 3] [3, 3] [4, 3] [5, 3] 
      game 7:
        [1, 0] [1, 1] [2, 1] [3, 1] [4, 1] 
    result: [6, 1]
  match 4:
    set 1:
      game 1:
        [0, 1] [1, 1] [2, 1] [2, 2] [3, 2] [4, 2] 
      game 2:
        [1, 0] [2, 0] [3, 0] [4, 0] 
      game 3:
        [0, 1] [0, 2] [1, 2] [1, 3] [2, 3] [3, 3] [4, 3] [5, 3] 
      game 4:
        [1, 0] [2, 0] [2, 1] [3, 1] [3, 2] [4, 2] 
      game 5:
        [0, 1] [1, 1] [2, 1] [3, 1] [4, 1] 
      game 6:
        [1, 0] [2, 0] [3, 0] [4, 0] 
    result: [6, 0]
    set 2:
      game 1:
        [1, 0] [2, 0] [2, 1] [2, 2] [3, 2] [4, 2] 
      game 2:
        [1, 0] [1, 1] [2, 1] [3, 1] [4, 1] 
      game 3:
        [0, 1] [1, 1] [1, 2] [2, 2] [3, 2] [3, 3] [3, 4] [4, 4] [5, 4] [6, 4] 
      game 4:
        [1, 0] [2, 0] [3, 0] [4, 0] 
      game 5:
        [1, 0] [2, 0] [3, 0] [4, 0] 
      game 6:
        [0, 1] [1, 1] [1, 2] [2, 2] [3, 2] [4, 2] 
    result: [6, 0]
  match 5:
    set 1:
      game 1:
        [1, 0] [2, 0] [3, 0] [4, 0] 
      game 2:
        [1, 0] [2, 0] [3, 0] [3, 1] [4, 1] 
      game 3:
        [1, 0] [2, 0] [3, 0] [4, 0] 
      game 4:
        [1, 0] [1, 1] [2, 1] [3, 1] [4, 1] 
      game 5:
        [1, 0] [2, 0] [3, 0] [4, 0] 
      game 6:
        [1, 0] [1, 1] [1, 2] [2, 2] [3, 2] [3, 3] [4, 3] [5, 3] 
    result: [6, 0]
    set 2:
      game 1:
        [1, 0] [2, 0] [3, 0] [4, 0] 
      game 2:
        [1, 0] [2, 0] [3, 0] [3, 1] [3, 2] [4, 2] 
      game 3:
        [0, 1] [0, 2] [1, 2] [2, 2] [3, 2] [4, 2] 
      game 4:
        [1, 0] [1, 1] [2, 1] [3, 1] [4, 1] 
      game 5:
        [1, 0] [2, 0] [3, 0] [4, 0] 
      game 6:
        [0, 1] [1, 1] [2, 1] [3, 1] [4, 1] 
    result: [6, 0]
  match 6:
    set 1:
      game 1:
        [1, 0] [2, 0] [2, 1] [3, 1] [4, 1] 
      game 2:
        [1, 0] [2, 0] [2, 1] [3, 1] [4, 1] 
      game 3:
        [0, 1] [0, 2] [0, 3] [1, 3] [2, 3] [3, 3] [3, 4] [4, 4] [5, 4] [5, 5] [6, 5] [7, 5] 
      game 4:
        [1, 0] [2, 0] [3, 0] [4, 0] 
      game 5:
        [1, 0] [1, 1] [2, 1] [2, 2] [2, 3] [3, 3] [4, 3] [4, 4] [5, 4] [5, 5] [5, 6] [6, 6] [7, 6] [7, 7] [8, 7] [8, 8] [9, 8] [9, 9] [10, 9] [10, 10] [11, 10] [12, 10] 
      game 6:
        [1, 0] [2, 0] [3, 0] [4, 0] 
    result: [6, 0]
    set 2:
      game 1:
        [1, 0] [2, 0] [3, 0] [4, 0] 
      game 2:
        [1, 0] [2, 0] [3, 0] [4, 0] 
      game 3:
        [1, 0] [1, 1] [2, 1] [2, 2] [3, 2] [4, 2] 
      game 4:
        [1, 0] [2, 0] [2, 1] [2, 2] [2, 3] [2, 4] 
      game 5:
        [1, 0] [2, 0] [2, 1] [3, 1] [4, 1] 
      game 6:
        [1, 0] [1, 1] [1, 2] [2, 2] [3, 2] [4, 2] 
      game 7:
        [1, 0] [2, 0] [2, 1] [2, 2] [3, 2] [4, 2] 
    result: [6, 1]
  match 7:
    set 1:
      game 1:
        [0, 1] [0, 2] [1, 2] [2, 2] [3, 2] [3, 3] [4, 3] [4, 4] [4, 5] [5, 5] [6, 5] [7, 5] 
      game 2:
        [0, 1] [1, 1] [1, 2] [2, 2] [3, 2] [3, 3] [4, 3] [5, 3] 
      game 3:
        [1, 0] [2, 0] [3, 0] [3, 1] [4, 1] 
      game 4:
        [1, 0] [1, 1] [1, 2] [2, 2] [3, 2] [4, 2] 
      game 5:
        [1, 0] [1, 1] [2, 1] [3, 1] [3, 2] [3, 3] [4, 3] [5, 3] 
      game 6:
        [0, 1] [1, 1] [2, 1] [3, 1] [3, 2] [4, 2] 
    result: [6, 0]
    set 2:
      game 1:
        [0, 1] [1, 1] [2, 1] [3, 1] [3, 2] [4, 2] 
      game 2:
        [1, 0] [1, 1] [2, 1] [2, 2] [3, 2] [3, 3] [3, 4] [4, 4] [5, 4] [5, 5] [6, 5] [6, 6] [7, 6] [8, 6] 
      game 3:
        [1, 0] [2, 0] [3, 0] [4, 0] 
      game 4:
        [1, 0] [1, 1] [2, 1] [3, 1] [4, 1] 
      game 5:
        [1, 0] [2, 0] [3, 0] [4, 0] 
      game 6:
        [1, 0] [1, 1] [2, 1] [2, 2] [2, 3] [3, 3] [4, 3] [5, 3] 
    result: [6, 0]
  match 8:
    set 1:
      game 1:
        [1, 0] [2, 0] [3, 0] [4, 0] 
      game 2:
        [1, 0] [1, 1] [2, 1] [3, 1] [3, 2] [4, 2] 
      game 3:
        [1, 0] [2, 0] [2, 1] [3, 1] [4, 1] 
      game 4:
        [0, 1] [0, 2] [0, 3] [1, 3] [2, 3] [3, 3] [4, 3] [5, 3] 
      game 5:
        [0, 1] [1, 1] [2, 1] [3, 1] [3, 2] [3, 3] [4, 3] [5, 3] 
      game 6:
        [0, 1] [1, 1] [2, 1] [3, 1] [4, 1] 
    result: [6, 0]
    set 2:
      game 1:
        [1, 0] [2, 0] [3, 0] [4, 0] 
      game 2:
        [0, 1] [1, 1] [2, 1] [3, 1] [4, 1] 
      game 3:
        [0, 1] [1, 1] [2, 1] [3, 1] [3, 2] [4, 2] 
      game 4:
        [1, 0] [2, 0] [3, 0] [4, 0] 
      game 5:
        [1, 0] [2, 0] [2, 1] [2, 2] [2, 3] [3, 3] [4, 3] [5, 3] 
      game 6:
        [1, 0] [1, 1] [2, 1] [2, 2] [3, 2] [4, 2] 
    result: [6, 0]
  match 9:
    set 1:
      game 1:
        [1, 0] [2, 0] [3, 0] [4, 0] 
      game 2:
        [1, 0] [1, 1] [2, 1] [3, 1] [3, 2] [4, 2] 
      game 3:
        [1, 0] [2, 0] [3, 0] [3, 1] [3, 2] [4, 2] 
      game 4:
        [1, 0] [2, 0] [3, 0] [4, 0] 
      game 5:
        [1, 0] [2, 0] [2, 1] [3, 1] [4, 1] 
      game 6:
        [1, 0] [1, 1] [2, 1] [3, 1] [4, 1] 
    result: [6, 0]
    set 2:
      game 1:
        [0, 1] [1, 1] [1, 2] [1, 3] [2, 3] [2, 4] 
      game 2:
        [0, 1] [1, 1] [1, 2] [2, 2] [2, 3] [3, 3] [4, 3] [4, 4] [5, 4] [6, 4] 
      game 3:
        [0, 1] [1, 1] [2, 1] [3, 1] [4, 1] 
      game 4:
        [0, 1] [1, 1] [2, 1] [3, 1] [3, 2] [4, 2] 
      game 5:
        [1, 0] [2, 0] [2, 1] [2, 2] [3, 2] [4, 2] 
      game 6:
        [1, 0] [1, 1] [2, 1] [3, 1] [3, 2] [4, 2] 
      game 7:
        [1, 0] [1, 1] [2, 1] [2, 2] [3, 2] [3, 3] [4, 3] [5, 3] 
    result: [6, 1]
  match 10:
    set 1:
      game 1:
        [1, 0] [2, 0] [3, 0] [4, 0] 
      game 2:
        [1, 0] [2, 0] [3, 0] [3, 1] [3, 2] [3, 3] [4, 3] [4, 4] [5, 4] [6, 4] 
      game 3:
        [1, 0] [2, 0] [2, 1] [3, 1] [4, 1] 
      game 4:
        [1, 0] [2, 0] [3, 0] [4, 0] 
      game 5:
        [1, 0] [1, 1] [2, 1] [3, 1] [4, 1] 
      game 6:
        [0, 1] [1, 1] [2, 1] [2, 2] [3, 2] [4, 2] 
    result: [6, 0]
    set 2:
      game 1:
        [0, 1] [1, 1] [1, 2] [2, 2] [3, 2] [3, 3] [4, 3] [5, 3] 
      game 2:
        [0, 1] [1, 1] [2, 1] [3, 1] [4, 1] 
      game 3:
        [1, 0] [1, 1] [1, 2] [2, 2] [3, 2] [4, 2] 
      game 4:
        [0, 1] [1, 1] [1, 2] [2, 2] [3, 2] [4, 2] 
      game 5:
        [1, 0] [2, 0] [3, 0] [3, 1] [4, 1] 
      game 6:
        [1, 0] [2, 0] [2, 1] [2, 2] [2, 3] [3, 3] [4, 3] [4, 4] [4, 5] [5, 5] [6, 5] [6, 6] [6, 7] [7, 7] [8, 7] [9, 7] 
    result: [6, 0]
  match 11:
    set 1:
      game 1:
        [0, 1] [1, 1] [2, 1] [3, 1] [3, 2] [3, 3] [3, 4] [3, 5] 
      game 2:
        [0, 1] [1, 1] [1, 2] [2, 2] [3, 2] [4, 2] 
      game 3:
        [1, 0] [2, 0] [2, 1] [3, 1] [3, 2] [3, 3] [4, 3] [4, 4] [5, 4] [6, 4] 
      game 4:
        [0, 1] [1, 1] [1, 2] [2, 2] [3, 2] [3, 3] [3, 4] [4, 4] [4, 5] [5, 5] [6, 5] [7, 5] 
      game 5:
        [0, 1] [1, 1] [2, 1] [3, 1] [4, 1] 
      game 6:
        [1, 0] [1, 1] [2, 1] [3, 1] [3, 2] [4, 2] 
      game 7:
        [0, 1] [0, 2] [0, 3] [0, 4] 
      game 8:
        [1, 0] [1, 1] [1, 2] [2, 2] [2, 3] [3, 3] [3, 4] [4, 4] [5, 4] [6, 4] 
    result: [6, 2]
    set 2:
      game 1:
        [1, 0] [2, 0] [3, 0] [4, 0] 
      game 2:
        [1, 0] [2, 0] [2, 1] [2, 2] [3, 2] [3, 3] [4, 3] [4, 4] [4, 5] [4, 6] 
      game 3:
        [1, 0] [2, 0] [3, 0] [4, 0] 
      game 4:
        [1, 0] [1, 1] [1, 2] [2, 2] [3, 2] [4, 2] 
      game 5:
        [0, 1] [1, 1] [1, 2] [1, 3] [1, 4] 
      game 6:
        [1, 0] [1, 1] [2, 1] [3, 1] [3, 2] [3, 3] [4, 3] [5, 3] 
      game 7:
        [1, 0] [2, 0] [3, 0] [4, 0] 
      game 8:
        [1, 0] [2, 0] [3, 0] [3, 1] [4, 1] 
    result: [6, 2]
  match 12:
    set 1:
      game 1:
        [1, 0] [1, 1] [1, 2] [2, 2] [2, 3] [3, 3] [4, 3] [5, 3] 
      game 2:
        [0, 1] [0, 2] [1, 2] [2, 2] [3, 2] [3, 3] [3, 4] [4, 4] [5, 4] [6, 4] 
      game 3:
        [1, 0] [2, 0] [2, 1] [3, 1] [3, 2] [3, 3] [4, 3] [5, 3] 
      game 4:
        [0, 1] [0, 2] [1, 2] [2, 2] [3, 2] [3, 3] [4, 3] [4, 4] [5, 4] [6, 4] 
      game 5:
        [0, 1] [1, 1] [2, 1] [2, 2] [2, 3] [3, 3] [4, 3] [4, 4] [4, 5] [5, 5] [6, 5] [6, 6] [7, 6] [8, 6] 
      game 6:
        [1, 0] [2, 0] [2, 1] [3, 1] [4, 1] 
    result: [6, 0]
    set 2:
      game 1:
        [1, 0] [2, 0] [2, 1] [3, 1] [4, 1] 
      game 2:
        [1, 0] [1, 1] [2, 1] [3, 1] [3, 2] [4, 2] 
      game 3:
        [0, 1] [1, 1] [2, 1] [3, 1] [4, 1] 
      game 4:
        [0, 1] [1, 1] [2, 1] [2, 2] [2, 3] [2, 4] 
      game 5:
        [1, 0] [2, 0] [2, 1] [2, 2] [3, 2] [4, 2] 
      game 6:
        [1, 0] [2, 0] [3, 0] [4, 0] 
      game 7:
        [1, 0] [2, 0] [3, 0] [3, 1] [3, 2] [4, 2] 
    result: [6, 1]
  match 13:
    set 1:
      game 1:
        [0, 1] [1, 1] [2, 1] [3, 1] [4, 1] 
      game 2:
        [1, 0] [2, 0] [3, 0] [4, 0] 
      game 3:
        [1, 0] [2, 0] [3, 0] [3, 1] [4, 1] 
      game 4:
        [1, 0] [2, 0] [3, 0] [4, 0] 
      game 5:
        [0, 1] [1, 1] [1, 2] [1, 3] [2, 3] [3, 3] [4, 3] [4, 4] [5, 4] [6, 4] 
      game 6:
        [0, 1] [0, 2] [1, 2] [1, 3] [2, 3] [3, 3] [4, 3] [5, 3] 
    result: [6, 0]
    set 2:
      game 1:
        [1, 0] [2, 0] [3, 0] [3, 1] [3, 2] [4, 2] 
      game 2:
        [1, 0] [1, 1] [1, 2] [2, 2] [3, 2] [3, 3] [4, 3] [5, 3] 
      game 3:
        [1, 0] [2, 0] [3, 0] [3, 1] [4, 1] 
      game 4:
        [1, 0] [2, 0] [3, 0] [3, 1] [4, 1] 
      game 5:
        [1, 0] [1, 1] [2, 1] [2, 2] [3, 2] [4, 2] 
      game 6:
        [1, 0] [2, 0] [3, 0] [4, 0] 
    result: [6, 0]
  match 14:
    set 1:
      game 1:
        [1, 0] [2, 0] [3, 0] [4, 0] 
      game 2:
        [1, 0] [2, 0] [2, 1] [3, 1] [3, 2] [3, 3] [3, 4] [3, 5] 
      game 3:
        [1, 0] [1, 1] [2, 1] [3, 1] [4, 1] 
      game 4:
        [1, 0] [1, 1] [1, 2] [1, 3] [1, 4] 
      game 5:
        [1, 0] [2, 0] [2, 1] [3, 1] [4, 1] 
      game 6:
        [1, 0] [2, 0] [3, 0] [3, 1] [4, 1] 
      game 7:
        [0, 1] [1, 1] [2, 1] [3, 1] [4, 1] 
      game 8:
        [1, 0] [2, 0] [2, 1] [2, 2] [3, 2] [4, 2] 
    result: [6, 2]
    set 2:
      game 1:
        [0, 1] [0, 2] [1, 2] [1, 3] [2, 3] [3, 3] [4, 3] [4, 4] [5, 4] [6, 4] 
      game 2:
        [0, 1] [1, 1] [1, 2] [1, 3] [2, 3] [3, 3] [4, 3] [4, 4] [5, 4] [6, 4] 
      game 3:
        [1, 0] [2, 0] [3, 0] [3, 1] [4, 1] 
      game 4:
        [0, 1] [1, 1] [2, 1] [3, 1] [3, 2] [3, 3] [4, 3] [4, 4] [4, 5] [4, 6] 
      game 5:
        [1, 0] [2, 0] [2, 1] [3, 1] [3, 2] [4, 2] 
      game 6:
        [0, 1] [0, 2] [1, 2] [2, 2] [2, 3] [3, 3] [4, 3] [5, 3] 
      game 7:
        [1, 0] [1, 1] [2, 1] [3, 1] [4, 1] 
    result: [6, 1]
  match 15:
    set 1:
      game 1:
        [0, 1] [0, 2] [1, 2] [2, 2] [2, 3] [3, 3] [4, 3] [4, 4] [5, 4] [6, 4] 
      game 2:
        [1, 0] [1, 1] [1, 2] [1, 3] [2, 3] [3, 3] [3, 4] [4, 4] [5, 4] [6, 4] 
      game 3:
        [1, 0] [1, 1] [2, 1] [2, 2] [2, 3] [3, 3] [4, 3] [4, 4] [5, 4] [6, 4] 
      game 4:
        [1, 0] [2, 0] [2, 1] [3, 1] [4, 1] 
      game 5:
        [1, 0] [2, 0] [3, 0] [3, 1] [3, 2] [4, 2] 
      game 6:
        [1, 0] [2, 0] [3, 0] [4, 0] 
    result: [6, 0]
    set 2:
      game 1:
        [1, 0] [2, 0] [3, 0] [4, 0] 
      game 2:
        [1, 0] [2, 0] [3, 0] [4, 0] 
      game 3:
        [0, 1] [1, 1] [2, 1] [3, 1] [3, 2] [4, 2] 
      game 4:
        [1, 0] [2, 0] [2, 1] [3, 1] [4, 1] 
      game 5:
        [1, 0] [2, 0] [3, 0] [4, 0] 
      game 6:
        [1, 0] [1, 1] [2, 1] [3, 1] [3, 2] [4, 2] 
    result: [6, 0]
  match 16:
    set 1:
      game 1:
        [1, 0] [2, 0] [3, 0] [4, 0] 
      game 2:
        [1, 0] [2, 0] [3, 0] [4, 0] 
      game 3:
        [1, 0] [2, 0] [2, 1] [2, 2] [3, 2] [3, 3] [3, 4] [4, 4] [5, 4] [6, 4] 
      game 4:
        [1, 0] [1, 1] [2, 1] [3, 1] [4, 1] 
      game 5:
        [0, 1] [0, 2] [1, 2] [2, 2] [3, 2] [4, 2] 
      game 6:
        [1, 0] [1, 1] [2, 1] [2, 2] [3, 2] [4, 2] 
    result: [6, 0]
    set 2:
      game 1:
        [0, 1] [1, 1] [1, 2] [1, 3] [1, 4] 
      game 2:
        [0, 1] [0, 2] [1, 2] [1, 3] [2, 3] [3, 3] [4, 3] [4, 4] [5, 4] [6, 4] 
      game 3:
        [1, 0] [2, 0] [3, 0] [4, 0] 
      game 4:
        [1, 0] [1, 1] [2, 1] [3, 1] [4, 1] 
      game 5:
        [1, 0] [2, 0] [3, 0] [4, 0] 
      game 6:
        [0, 1] [1, 1] [2, 1] [3, 1] [3, 2] [3, 3] [4, 3] [5, 3] 
      game 7:
        [1, 0] [2, 0] [3, 0] [4, 0] 
    result: [6, 1]
  match 17:
    set 1:
      game 1:
        [1, 0] [2, 0] [3, 0] [4, 0] 
      game 2:
        [1, 0] [1, 1] [1, 2] [1, 3] [2, 3] [2, 4] 
      game 3:
        [1, 0] [1, 1] [2, 1] [3, 1] [4, 1] 
      game 4:
        [0, 1] [0, 2] [1, 2] [2, 2] [3, 2] [4, 2] 
      game 5:
        [1, 0] [2, 0] [3, 0] [4, 0] 
      game 6:
        [1, 0] [2, 0] [3, 0] [4, 0] 
      game 7:
        [0, 1] [1, 1] [1, 2] [2, 2] [3, 2] [4, 2] 
    result: [6, 1]
    set 2:
      game 1:
        [1, 0] [1, 1] [2, 1] [2, 2] [2, 3] [2, 4] 
      game 2:
        [1, 0] [2, 0] [2, 1] [3, 1] [4, 1] 
      game 3:
        [1, 0] [2, 0] [2, 1] [2, 2] [3, 2] [4, 2] 
      game 4:
        [1, 0] [2, 0] [2, 1] [3, 1] [4, 1] 
      game 5:
        [0, 1] [1, 1] [1, 2] [2, 2] [3, 2] [3, 3] [4, 3] [5, 3] 
      game 6:
        [0, 1] [1, 1] [1, 2] [1, 3] [2, 3] [2, 4] 
      game 7:
        [1, 0] [2, 0] [2, 1] [2, 2] [3, 2] [4, 2] 
      game 8:
        [0, 1] [0, 2] [1, 2] [2, 2] [2, 3] [2, 4] 
      game 9:
        [1, 0] [2, 0] [2, 1] [3, 1] [4, 1] 
    result: [6, 3]
  match 18:
    set 1:
      game 1:
        [1, 0] [1, 1] [2, 1] [3, 1] [3, 2] [4, 2] 
      game 2:
        [0, 1] [1, 1] [2, 1] [3, 1] [3, 2] [4, 2] 
      game 3:
        [1, 0] [2, 0] [3, 0] [3, 1] [4, 1] 
      game 4:
        [1, 0] [2, 0] [3, 0] [4, 0] 
      game 5:
        [1, 0] [2, 0] [2, 1] [3, 1] [4, 1] 
      game 6:
        [0, 1] [1, 1] [2, 1] [3, 1] [3, 2] [3, 3] [3, 4] [4, 4] [5, 4] [6, 4] 
    result: [6, 0]
    set 2:
      game 1:
        [1, 0] [2, 0] [2, 1] [3, 1] [4, 1] 
      game 2:
        [0, 1] [1, 1] [1, 2] [2, 2] [2, 3] [2, 4] 
      game 3:
        [1, 0] [2, 0] [2, 1] [3, 1] [4, 1] 
      game 4:
        [0, 1] [0, 2] [1, 2] [1, 3] [2, 3] [3, 3] [4, 3] [5, 3] 
      game 5:
        [1, 0] [2, 0] [2, 1] [3, 1] [4, 1] 
      game 6:
        [1, 0] [2, 0] [3, 0] [4, 0] 
      game 7:
        [0, 1] [1, 1] [1, 2] [1, 3] [1, 4] 
      game 8:
        [1, 0] [2, 0] [3, 0] [3, 1] [4, 1] 
    result: [6, 2]
  match 19:
    set 1:
      game 1:
        [1, 0] [1, 1] [1, 2] [1, 3] [1, 4] 
      game 2:
        [0, 1] [1, 1] [2, 1] [3, 1] [3, 2] [3, 3] [4, 3] [4, 4] [5, 4] [6, 4] 
      game 3:
        [1, 0] [2, 0] [3, 0] [4, 0] 
      game 4:
        [1, 0] [2, 0] [3, 0] [3, 1] [4, 1] 
      game 5:
        [1, 0] [2, 0] [2, 1] [3, 1] [4, 1] 
      game 6:
        [1, 0] [2, 0] [3, 0] [3, 1] [4, 1] 
      game 7:
        [0, 1] [0, 2] [1, 2] [2, 2] [3, 2] [4, 2] 
    result: [6, 1]
    set 2:
      game 1:
        [1, 0] [1, 1] [1, 2] [1, 3] [2, 3] [2, 4] 
      game 2:
        [1, 0] [1, 1] [2, 1] [3, 1] [4, 1] 
      game 3:
        [1, 0] [2, 0] [3, 0] [4, 0] 
      game 4:
        [1, 0] [1, 1] [2, 1] [2, 2] [2, 3] [2, 4] 
      game 5:
        [1, 0] [2, 0] [3, 0] [3, 1] [4, 1] 
      game 6:
        [0, 1] [1, 1] [1, 2] [1, 3] [1, 4] 
      game 7:
        [0, 1] [1, 1] [1, 2] [2, 2] [2, 3] [3, 3] [4, 3] [5, 3] 
      game 8:
        [1, 0] [2, 0] [3, 0] [3, 1] [4, 1] 
      game 9:
        [1, 0] [2, 0] [3, 0] [4, 0] 
    result: [6, 3]
  match 20:
    set 1:
      game 1:
        [1, 0] [2, 0] [3, 0] [4, 0] 
      game 2:
        [1, 0] [1, 1] [1, 2] [1, 3] [2, 3] [2, 4] 
      game 3:
        [0, 1] [1, 1] [2, 1] [3, 1] [4, 1] 
      game 4:
        [1, 0] [1, 1] [1, 2] [1, 3] [2, 3] [3, 3] [4, 3] [4, 4] [4, 5] [4, 6] 
      game 5:
        [1, 0] [1, 1] [2, 1] [3, 1] [3, 2] [4, 2] 
      game 6:
        [1, 0] [2, 0] [2, 1] [2, 2] [3, 2] [4, 2] 
      game 7:
        [1, 0] [2, 0] [2, 1] [3, 1] [3, 2] [3, 3] [4, 3] [5, 3] 
      game 8:
        [1, 0] [1, 1] [2, 1] [2, 2] [3, 2] [4, 2] 
    result: [6, 2]
    set 2:
      game 1:
        [1, 0] [2, 0] [3, 0] [3, 1] [4, 1] 
      game 2:
        [1, 0] [1, 1] [2, 1] [2, 2] [3, 2] [3, 3] [4, 3] [5, 3] 
      game 3:
        [0, 1] [0, 2] [1, 2] [2, 2] [3, 2] [4, 2] 
      game 4:
        [0, 1] [0, 2] [1, 2] [2, 2] [3, 2] [3, 3] [4, 3] [5, 3] 
      game 5:
        [1, 0] [2, 0] [3, 0] [4, 0] 
      game 6:
        [0, 1] [1, 1] [1, 2] [2, 2] [3, 2] [3, 3] [4, 3] [4, 4] [5, 4] [6, 4] 
    result: [6, 0]
  match 21:
    set 1:
      game 1:
        [0, 1] [1, 1] [2, 1] [2, 2] [3, 2] [4, 2] 
      game 2:
        [0, 1] [0, 2] [1, 2] [1, 3] [2, 3] [2, 4] 
      game 3:
        [1, 0] [2, 0] [2, 1] [3, 1] [4, 1] 
      game 4:
        [1, 0] [1, 1] [1, 2] [2, 2] [3, 2] [4, 2] 
      game 5:
        [1, 0] [2, 0] [2, 1] [2, 2] [3, 2] [4, 2] 
      game 6:
        [1, 0] [2, 0] [3, 0] [3, 1] [3, 2] [4, 2] 
      game 7:
        [0, 1] [1, 1] [1, 2] [1, 3] [1, 4] 
      game 8:
        [0, 1] [0, 2] [1, 2] [2, 2] [3, 2] [4, 2] 
    result: [6, 2]
    set 2:
      game 1:
        [1, 0] [2, 0] [3, 0] [4, 0] 
      game 2:
        [1, 0] [2, 0] [3, 0] [3, 1] [4, 1] 
      game 3:
        [1, 0] [1, 1] [1, 2] [2, 2] [2, 3] [3, 3] [4, 3] [4, 4] [5, 4] [6, 4] 
      game 4:
        [1, 0] [1, 1] [2, 1] [2, 2] [3, 2] [4, 2] 
      game 5:
        [1, 0] [2, 0] [3, 0] [4, 0] 
      game 6:
        [1, 0] [2, 0] [2, 1] [2, 2] [3, 2] [4, 2] 
    result: [6, 0]
  match 22:
    set 1:
      game 1:
        [1, 0] [2, 0] [2, 1] [2, 2] [2, 3] [3, 3] [4, 3] [4, 4] [5, 4] [6, 4] 
      game 2:
        [1, 0] [2, 0] [3, 0] [4, 0] 
      game 3:
        [0, 1] [1, 1] [2, 1] [3, 1] [4, 1] 
      game 4:
        [1, 0] [2, 0] [2, 1] [3, 1] [4, 1] 
      game 5:
        [0, 1] [1, 1] [1, 2] [2, 2] [2, 3] [2, 4] 
      game 6:
        [1, 0] [2, 0] [3, 0] [4, 0] 
      game 7:
        [1, 0] [2, 0] [3, 0] [4, 0] 
    result: [6, 1]
    set 2:
      game 1:
        [1, 0] [1, 1] [2, 1] [2, 2] [2, 3] [2, 4] 
      game 2:
        [1, 0] [1, 1] [2, 1] [3, 1] [4, 1] 
      game 3:
        [1, 0] [1, 1] [2, 1] [2, 2] [3, 2] [4, 2] 
      game 4:
        [1, 0] [2, 0] [3, 0] [4, 0] 
      game 5:
        [1, 0] [1, 1] [1, 2] [2, 2] [3, 2] [4, 2] 
      game 6:
        [0, 1] [1, 1] [2, 1] [3, 1] [4, 1] 
      game 7:
        [1, 0] [1, 1] [2, 1] [2, 2] [3, 2] [4, 2] 
    result: [6, 1]
  match 23:
    set 1:
      game 1:
        [1, 0] [2, 0] [3, 0] [4, 0] 
      game 2:
        [0, 1] [1, 1] [2, 1] [3, 1] [4, 1] 
      game 3:
        [1, 0] [2, 0] [3, 0] [4, 0] 
      game 4:
        [1, 0] [1, 1] [1, 2] [1, 3] [2, 3] [2, 4] 
      game 5:
        [0, 1] [1, 1] [2, 1] [3, 1] [4, 1] 
      game 6:
        [1, 0] [2, 0] [2, 1] [2, 2] [3, 2] [4, 2] 
      game 7:
        [1, 0] [2, 0] [2, 1] [3, 1] [4, 1] 
    result: [6, 1]
    set 2:
      game 1:
        [1, 0] [2, 0] [2, 1] [3, 1] [4, 1] 
      game 2:
        [1, 0] [2, 0] [3, 0] [4, 0] 
      game 3:
        [0, 1] [0, 2] [1, 2] [1, 3] [1, 4] 
      game 4:
        [1, 0] [2, 0] [3, 0] [4, 0] 
      game 5:
        [1, 0] [2, 0] [2, 1] [3, 1] [4, 1] 
      game 6:
        [1, 0] [1, 1] [2, 1] [3, 1] [4, 1] 
      game 7:
        [0, 1] [1, 1] [2, 1] [3, 1] [4, 1] 
    result: [6, 1]
  match 24:
    set 1:
      game 1:
        [1, 0] [2, 0] [3, 0] [4, 0] 
      game 2:
        [1, 0] [1, 1] [2, 1] [3, 1] [3, 2] [4, 2] 
      game 3:
        [1, 0] [1, 1] [2, 1] [3, 1] [4, 1] 
      game 4:
        [1, 0] [2, 0] [3, 0] [4, 0] 
      game 5:
        [1, 0] [2, 0] [2, 1] [3, 1] [4, 1] 
      game 6:
        [0, 1] [1, 1] [1, 2] [2, 2] [3, 2] [4, 2] 
    result: [6, 0]
    set 2:
      game 1:
        [1, 0] [1, 1] [1, 2] [2, 2] [3, 2] [4, 2] 
      game 2:
        [1, 0] [1, 1] [2, 1] [2, 2] [3, 2] [4, 2] 
      game 3:
        [1, 0] [1, 1] [2, 1] [2, 2] [3, 2] [4, 2] 
      game 4:
        [1, 0] [2, 0] [3, 0] [4, 0] 
      game 5:
        [1, 0] [1, 1] [2, 1] [2, 2] [2, 3] [3, 3] [3, 4] [4, 4] [5, 4] [6, 4] 
      game 6:
        [1, 0] [1, 1] [1, 2] [1, 3] [2, 3] [3, 3] [4, 3] [5, 3] 
    result: [6, 0]
  match 25:
    set 1:
      game 1:
        [0, 1] [1, 1] [2, 1] [2, 2] [3, 2] [4, 2] 
      game 2:
        [1, 0] [1, 1] [1, 2] [2, 2] [3, 2] [4, 2] 
      game 3:
        [1, 0] [2, 0] [3, 0] [3, 1] [4, 1] 
      game 4:
        [1, 0] [2, 0] [3, 0] [4, 0] 
      game 5:
        [1, 0] [2, 0] [3, 0] [4, 0] 
      game 6:
        [0, 1] [0, 2] [1, 2] [2, 2] [3, 2] [4, 2] 
    result: [6, 0]
    set 2:
      game 1:
        [0, 1] [1, 1] [2, 1] [3, 1] [4, 1] 
      game 2:
        [0, 1] [1, 1] [1, 2] [2, 2] [2, 3] [3, 3] [4, 3] [4, 4] [5, 4] [6, 4] 
      game 3:
        [1, 0] [2, 0] [3, 0] [3, 1] [3, 2] [4, 2] 
      game 4:
        [0, 1] [0, 2] [1, 2] [2, 2] [3, 2] [4, 2] 
      game 5:
        [1, 0] [2, 0] [3, 0] [4, 0] 
      game 6:
        [1, 0] [1, 1] [2, 1] [3, 1] [3, 2] [4, 2] 
    result: [6, 0]
  match 26:
    set 1:
      game 1:
        [0, 1] [0, 2] [0, 3] [1, 3] [2, 3] [3, 3] [4, 3] [4, 4] [5, 4] [6, 4] 
      game 2:
        [0, 1] [1, 1] [1, 2] [2, 2] [2, 3] [3, 3] [3, 4] [4, 4] [5, 4] [6, 4] 
      game 3:
        [0, 1] [1, 1] [2, 1] [3, 1] [3, 2] [3, 3] [3, 4] [4, 4] [5, 4] [5, 5] [5, 6] [5, 7] 
      game 4:
        [1, 0] [1, 1] [1, 2] [1, 3] [2, 3] [3, 3] [4, 3] [5, 3] 
      game 5:
        [1, 0] [1, 1] [2, 1] [2, 2] [2, 3] [2, 4] 
      game 6:
        [1, 0] [1, 1] [2, 1] [3, 1] [4, 1] 
      game 7:
        [1, 0] [1, 1] [2, 1] [3, 1] [4, 1] 
      game 8:
        [1, 0] [2, 0] [3, 0] [4, 0] 
    result: [6, 2]
    set 2:
      game 1:
        [1, 0] [2, 0] [3, 0] [4, 0] 
      game 2:
        [1, 0] [2, 0] [3, 0] [4, 0] 
      game 3:
        [1, 0] [1, 1] [2, 1] [3, 1] [3, 2] [4, 2] 
      game 4:
        [0, 1] [0, 2] [1, 2] [2, 2] [3, 2] [4, 2] 
      game 5:
        [1, 0] [1, 1] [2, 1] [2, 2] [2, 3] [3, 3] [3, 4] [3, 5] 
      game 6:
        [1, 0] [2, 0] [3, 0] [4, 0] 
      game 7:
        [0, 1] [0, 2] [1, 2] [2, 2] [2, 3] [3, 3] [4, 3] [4, 4] [5, 4] [5, 5] [6, 5] [7, 5] 
    result: [6, 1]
  match 27:
    set 1:
      game 1:
        [1, 0] [2, 0] [3, 0] [4, 0] 
      game 2:
        [1, 0] [1, 1] [2, 1] [3, 1] [4, 1] 
      game 3:
        [1, 0] [1, 1] [2, 1] [3, 1] [3, 2] [4, 2] 
      game 4:
        [1, 0] [2, 0] [3, 0] [4, 0] 
      game 5:
        [1, 0] [2, 0] [3, 0] [4, 0] 
      game 6:
        [1, 0] [2, 0] [2, 1] [3, 1] [4, 1] 
    result: [6, 0]
    set 2:
      game 1:
        [1, 0] [2, 0] [2, 1] [3, 1] [4, 1] 
      game 2:
        [1, 0] [2, 0] [2, 1] [3, 1] [4, 1] 
      game 3:
        [1, 0] [1, 1] [2, 1] [3, 1] [4, 1] 
      game 4:
        [1, 0] [2, 0] [3, 0] [3, 1] [4, 1] 
      game 5:
        [0, 1] [1, 1] [2, 1] [3, 1] [4, 1] 
      game 6:
        [1, 0] [1, 1] [2, 1] [3, 1] [4, 1] 
    result: [6, 0]
  match 28:
    set 1:
      game 1:
        [0, 1] [1, 1] [2, 1] [2, 2] [3, 2] [4, 2] 
      game 2:
        [0, 1] [1, 1] [2, 1] [2, 2] [3, 2] [4, 2] 
      game 3:
        [0, 1] [1, 1] [2, 1] [2, 2] [3, 2] [4, 2] 
      game 4:
        [1, 0] [1, 1] [1, 2] [2, 2] [3, 2] [3, 3] [4, 3] [5, 3] 
      game 5:
        [1, 0] [2, 0] [2, 1] [3, 1] [4, 1] 
      game 6:
        [1, 0] [2, 0] [2, 1] [3, 1] [4, 1] 
    result: [6, 0]
    set 2:
      game 1:
        [1, 0] [1, 1] [1, 2] [2, 2] [3, 2] [4, 2] 
      game 2:
        [1, 0] [1, 1] [2, 1] [3, 1] [3, 2] [4, 2] 
      game 3:
        [1, 0] [2, 0] [2, 1] [3, 1] [3, 2] [4, 2] 
      game 4:
        [1, 0] [2, 0] [3, 0] [4, 0] 
      game 5:
        [1, 0] [2, 0] [3, 0] [4, 0] 
      game 6:
        [0, 1] [0, 2] [1, 2] [2, 2] [3, 2] [3, 3] [4, 3] [5, 3] 
    result: [6, 0]
  match 29:
    set 1:
      game 1:
        [1, 0] [2, 0] [3, 0] [3, 1] [4, 1] 
      game 2:
        [0, 1] [1, 1] [1, 2] [1, 3] [2, 3] [3, 3] [4, 3] [5, 3] 
      game 3:
        [0, 1] [1, 1] [2, 1] [2, 2] [3, 2] [4, 2] 
      game 4:
        [1, 0] [1, 1] [2, 1] [3, 1] [3, 2] [4, 2] 
      game 5:
        [1, 0] [2, 0] [3, 0] [4, 0] 
      game 6:
        [1, 0] [2, 0] [3, 0] [4, 0] 
    result: [6, 0]
    set 2:
      game 1:
        [1, 0] [1, 1] [2, 1] [3, 1] [4, 1] 
      game 2:
        [0, 1] [1, 1] [1, 2] [2, 2] [2, 3] [3, 3] [4, 3] [5, 3] 
      game 3:
        [0, 1] [1, 1] [2, 1] [2, 2] [3, 2] [4, 2] 
      game 4:
        [1, 0] [2, 0] [2, 1] [3, 1] [4, 1] 
      game 5:
        [1, 0] [2, 0] [3, 0] [4, 0] 
      game 6:
        [1, 0] [2, 0] [3, 0] [3, 1] [4, 1] 
    result: [6, 0]
  match 30:
    set 1:
      game 1:
        [1, 0] [2, 0] [3, 0] [4, 0] 
      game 2:
        [1, 0] [1, 1] [2, 1] [3, 1] [4, 1] 
      game 3:
        [1, 0] [2, 0] [3, 0] [3, 1] [4, 1] 
      game 4:
        [1, 0] [1, 1] [2, 1] [3, 1] [3, 2] [4, 2] 
      game 5:
        [1, 0] [2, 0] [2, 1] [3, 1] [4, 1] 
      game 6:
        [0, 1] [1, 1] [2, 1] [2, 2] [2, 3] [2, 4] 
      game 7:
        [1, 0] [2, 0] [3, 0] [4, 0] 
    result: [6, 1]
    set 2:
      game 1:
        [1, 0] [2, 0] [2, 1] [2, 2] [3, 2] [4, 2] 
      game 2:
        [1, 0] [2, 0] [2, 1] [3, 1] [3, 2] [4, 2] 
      game 3:
        [1, 0] [1, 1] [2, 1] [3, 1] [4, 1] 
      game 4:
        [1, 0] [1, 1] [2, 1] [2, 2] [3, 2] [4, 2] 
      game 5:
        [1, 0] [2, 0] [3, 0] [4, 0] 
      game 6:
        [1, 0] [1, 1] [2, 1] [3, 1] [4, 1] 
    result: [6, 0]
resultados grupo 1 : [30, 0]
partida 2:
  match 1:
    set 1:
      game 1:
        [0, 1] [0, 2] [1, 2] [2, 2] [2, 3] [3, 3] [3, 4] [3, 5] 
      game 2:
        [1, 0] [2, 0] [2, 1] [2, 2] [3, 2] [3, 3] [3, 4] [3, 5] 
      game 3:
        [1, 0] [1, 1] [1, 2] [1, 3] [2, 3] [3, 3] [4, 3] [5, 3] 
      game 4:
        [0, 1] [1, 1] [1, 2] [1, 3] [2, 3] [3, 3] [3, 4] [4, 4] [4, 5] [4, 6] 
      game 5:
        [0, 1] [1, 1] [1, 2] [1, 3] [2, 3] [2, 4] 
      game 6:
        [1, 0] [2, 0] [2, 1] [3, 1] [4, 1] 
      game 7:
        [0, 1] [1, 1] [1, 2] [1, 3] [2, 3] [3, 3] [3, 4] [4, 4] [5, 4] [5, 5] [6, 5] [7, 5] 
      game 8:
        [1, 0] [2, 0] [2, 1] [3, 1] [4, 1] 
      game 9:
        [0, 1] [0, 2] [0, 3] [0, 4] 
      game 10:
        [0, 1] [1, 1] [1, 2] [1, 3] [2, 3] [3, 3] [3, 4] [4, 4] [4, 5] [4, 6] 
    result: [4, 6]
    set 2:
      game 1:
        [0, 1] [1, 1] [1, 2] [1, 3] [2, 3] [2, 4] 
      game 2:
        [0, 1] [0, 2] [0, 3] [1, 3] [2, 3] [2, 4] 
      game 3:
        [1, 0] [1, 1] [2, 1] [2, 2] [3, 2] [3, 3] [3, 4] [4, 4] [5, 4] [6, 4] 
      game 4:
        [1, 0] [1, 1] [1, 2] [1, 3] [1, 4] 
      game 5:
        [0, 1] [1, 1] [2, 1] [3, 1] [4, 1] 
      game 6:
        [0, 1] [0, 2] [0, 3] [0, 4] 
      game 7:
        [1, 0] [2, 0] [2, 1] [3, 1] [4, 1] 
      game 8:
        [1, 0] [1, 1] [1, 2] [1, 3] [1, 4] 
      game 9:
        [0, 1] [0, 2] [1, 2] [1, 3] [1, 4] 
    result: [3, 6]
  match 2:
    set 1:
      game 1:
        [0, 1] [1, 1] [1, 2] [1, 3] [2, 3] [3, 3] [4, 3] [4, 4] [4, 5] [5, 5] [5, 6] [5, 7] 
      game 2:
        [0, 1] [0, 2] [0, 3] [1, 3] [2, 3] [3, 3] [3, 4] [3, 5] 
      game 3:
        [1, 0] [2, 0] [2, 1] [3, 1] [4, 1] 
      game 4:
        [0, 1] [0, 2] [0, 3] [0, 4] 
      game 5:
        [1, 0] [2, 0] [2, 1] [2, 2] [2, 3] [3, 3] [3, 4] [4, 4] [5, 4] [5, 5] [5, 6] [5, 7] 
      game 6:
        [0, 1] [1, 1] [2, 1] [3, 1] [4, 1] 
      game 7:
        [0, 1] [0, 2] [0, 3] [0, 4] 
      game 8:
        [0, 1] [1, 1] [1, 2] [1, 3] [2, 3] [3, 3] [4, 3] [4, 4] [5, 4] [5, 5] [5, 6] [5, 7] 
    result: [2, 6]
    set 2:
      game 1:
        [0, 1] [0, 2] [1, 2] [2, 2] [3, 2] [3, 3] [3, 4] [4, 4] [5, 4] [5, 5] [5, 6] [5, 7] 
      game 2:
        [0, 1] [0, 2] [0, 3] [0, 4] 
      game 3:
        [0, 1] [1, 1] [2, 1] [3, 1] [4, 1] 
      game 4:
        [1, 0] [1, 1] [2, 1] [3, 1] [4, 1] 
      game 5:
        [1, 0] [1, 1] [1, 2] [2, 2] [2, 3] [2, 4] 
      game 6:
        [1, 0] [2, 0] [3, 0] [4, 0] 
      game 7:
        [1, 0] [2, 0] [3, 0] [4, 0] 
      game 8:
        [1, 0] [2, 0] [2, 1] [2, 2] [3, 2] [3, 3] [4, 3] [4, 4] [5, 4] [5, 5] [6, 5] [7, 5] 
      game 9:
        [1, 0] [1, 1] [1, 2] [2, 2] [2, 3] [3, 3] [3, 4] [3, 5] 
      game 10:
        [1, 0] [1, 1] [2, 1] [3, 1] [3, 2] [3, 3] [3, 4] [3, 5] 
      game 11:
        [0, 1] [0, 2] [1, 2] [1, 3] [1, 4] 
      game 12:
        [0, 1] [1, 1] [1, 2] [1, 3] [2, 3] [2, 4] 
    result: [5, 7]
  match 3:
    set 1:
      game 1:
        [0, 1] [0, 2] [0, 3] [1, 3] [1, 4] 
      game 2:
        [0, 1] [0, 2] [0, 3] [0, 4] 
      game 3:
        [1, 0] [2, 0] [3, 0] [4, 0] 
      game 4:
        [1, 0] [2, 0] [3, 0] [3, 1] [4, 1] 
      game 5:
        [0, 1] [1, 1] [2, 1] [3, 1] [4, 1] 
      game 6:
        [1, 0] [2, 0] [2, 1] [3, 1] [3, 2] [3, 3] [4, 3] [5, 3] 
      game 7:
        [0, 1] [1, 1] [2, 1] [3, 1] [4, 1] 
      game 8:
        [0, 1] [1, 1] [2, 1] [2, 2] [3, 2] [4, 2] 
    result: [6, 2]
    set 2:
      game 1:
        [0, 1] [0, 2] [1, 2] [2, 2] [3, 2] [3, 3] [3, 4] [4, 4] [4, 5] [5, 5] [5, 6] [6, 6] [7, 6] [8, 6] 
      game 2:
        [1, 0] [2, 0] [2, 1] [2, 2] [2, 3] [2, 4] 
      game 3:
        [1, 0] [2, 0] [3, 0] [4, 0] 
      game 4:
        [0, 1] [1, 1] [1, 2] [2, 2] [3, 2] [3, 3] [3, 4] [3, 5] 
      game 5:
        [0, 1] [1, 1] [1, 2] [1, 3] [2, 3] [2, 4] 
      game 6:
        [1, 0] [2, 0] [2, 1] [3, 1] [3, 2] [4, 2] 
      game 7:
        [0, 1] [0, 2] [1, 2] [1, 3] [2, 3] [2, 4] 
      game 8:
        [1, 0] [1, 1] [1, 2] [2, 2] [3, 2] [4, 2] 
      game 9:
        [1, 0] [1, 1] [2, 1] [2, 2] [2, 3] [2, 4] 
      game 10:
        [0, 1] [1, 1] [2, 1] [3, 1] [3, 2] [4, 2] 
      game 11:
        [0, 1] [1, 1] [1, 2] [1, 3] [1, 4] 
      game 12:
        [1, 0] [1, 1] [1, 2] [1, 3] [1, 4] 
    result: [5, 7]
    set 3:
      game 1:
        [0, 1] [1, 1] [2, 1] [3, 1] [3, 2] [3, 3] [3, 4] [4, 4] [5, 4] [6, 4] 
      game 2:
        [1, 0] [1, 1] [2, 1] [2, 2] [2, 3] [2, 4] 
      game 3:
        [1, 0] [1, 1] [2, 1] [3, 1] [3, 2] [3, 3] [3, 4] [3, 5] 
      game 4:
        [1, 0] [1, 1] [1, 2] [1, 3] [2, 3] [3, 3] [3, 4] [4, 4] [5, 4] [6, 4] 
      game 5:
        [1, 0] [1, 1] [2, 1] [3, 1] [4, 1] 
      game 6:
        [1, 0] [2, 0] [3, 0] [3, 1] [4, 1] 
      game 7:
        [0, 1] [0, 2] [0, 3] [1, 3] [1, 4] 
      game 8:
        [0, 1] [1, 1] [1, 2] [2, 2] [2, 3] [3, 3] [3, 4] [4, 4] [4, 5] [4, 6] 
      game 9:
        [1, 0] [2, 0] [3, 0] [3, 1] [3, 2] [4, 2] 
      game 10:
        [1, 0] [2, 0] [2, 1] [3, 1] [4, 1] 
    result: [6, 4]
  match 4:
    set 1:
      game 1:
        [0, 1] [0, 2] [1, 2] [2, 2] [3, 2] [4, 2] 
      game 2:
        [1, 0] [1, 1] [1, 2] [2, 2] [2, 3] [2, 4] 
      game 3:
        [0, 1] [0, 2] [1, 2] [1, 3] [1, 4] 
      game 4:
        [1, 0] [2, 0] [2, 1] [3, 1] [3, 2] [4, 2] 
      game 5:
        [0, 1] [0, 2] [1, 2] [1, 3] [1, 4] 
      game 6:
        [1, 0] [2, 0] [2, 1] [3, 1] [3, 2] [3, 3] [4, 3] [5, 3] 
      game 7:
        [0, 1] [0, 2] [1, 2] [2, 2] [3, 2] [3, 3] [3, 4] [3, 5] 
      game 8:
        [0, 1] [1, 1] [1, 2] [1, 3] [2, 3] [3, 3] [4, 3] [4, 4] [5, 4] [5, 5] [6, 5] [6, 6] [6, 7] [6, 8] 
      game 9:
        [0, 1] [1, 1] [1, 2] [1, 3] [2, 3] [2, 4] 
    result: [3, 6]
    set 2:
      game 1:
        [1, 0] [1, 1] [1, 2] [2, 2] [2, 3] [3, 3] [4, 3] [5, 3] 
      game 2:
        [1, 0] [2, 0] [3, 0] [4, 0] 
      game 3:
        [0, 1] [1, 1] [2, 1] [3, 1] [3, 2] [4, 2] 
      game 4:
        [1, 0] [2, 0] [2, 1] [3, 1] [3, 2] [4, 2] 
      game 5:
        [1, 0] [2, 0] [2, 1] [3, 1] [3, 2] [3, 3] [4, 3] [5, 3] 
      game 6:
        [1, 0] [1, 1] [1, 2] [2, 2] [3, 2] [3, 3] [4, 3] [4, 4] [4, 5] [5, 5] [5, 6] [5, 7] 
      game 7:
        [0, 1] [0, 2] [0, 3] [0, 4] 
      game 8:
        [0, 1] [1, 1] [1, 2] [1, 3] [1, 4] 
      game 9:
        [1, 0] [2, 0] [2, 1] [2, 2] [2, 3] [3, 3] [4, 3] [5, 3] 
    result: [6, 3]
    set 3:
      game 1:
        [0, 1] [1, 1] [2, 1] [2, 2] [2, 3] [3, 3] [3, 4] [3, 5] 
      game 2:
        [1, 0] [1, 1] [1, 2] [2, 2] [3, 2] [3, 3] [4, 3] [4, 4] [4, 5] [4, 6] 
      game 3:
        [1, 0] [2, 0] [3, 0] [4, 0] 
      game 4:
        [1, 0] [1, 1] [1, 2] [2, 2] [3, 2] [4, 2] 
      game 5:
        [1, 0] [2, 0] [2, 1] [3, 1] [4, 1] 
      game 6:
        [0, 1] [1, 1] [2, 1] [2, 2] [2, 3] [3, 3] [3, 4] [3, 5] 
      game 7:
        [1, 0] [2, 0] [2, 1] [2, 2] [3, 2] [4, 2] 
      game 8:
        [1, 0] [1, 1] [2, 1] [2, 2] [3, 2] [4, 2] 
      game 9:
        [0, 1] [1, 1] [1, 2] [1, 3] [1, 4] 
      game 10:
        [0, 1] [0, 2] [1, 2] [1, 3] [1, 4] 
      game 11:
        [1, 0] [2, 0] [2, 1] [3, 1] [3, 2] [4, 2] 
      game 12:
        [0, 1] [1, 1] [2, 1] [3, 1] [3, 2] [3, 3] [3, 4] [3, 5] 
      game 13:
        [0, 1] [1, 1] [1, 2] [1, 3] [1, 4] [1, 5] [1, 6] [2, 6] [3, 6] [3, 7] 
    result: [6, 7]
  match 5:
    set 1:
      game 1:
        [0, 1] [0, 2] [1, 2] [1, 3] [1, 4] 
      game 2:
        [0, 1] [0, 2] [1, 2] [2, 2] [2, 3] [2, 4] 
      game 3:
        [0, 1] [0, 2] [0, 3] [0, 4] 
      game 4:
        [1, 0] [1, 1] [2, 1] [2, 2] [2, 3] [3, 3] [4, 3] [4, 4] [4, 5] [5, 5] [5, 6] [6, 6] [7, 6] [8, 6] 
      game 5:
        [0, 1] [1, 1] [2, 1] [3, 1] [3, 2] [3, 3] [3, 4] [4, 4] [4, 5] [5, 5] [6, 5] [7, 5] 
      game 6:
        [0, 1] [1, 1] [1, 2] [1, 3] [2, 3] [3, 3] [3, 4] [3, 5] 
      game 7:
        [1, 0] [2, 0] [2, 1] [2, 2] [2, 3] [2, 4] 
      game 8:
        [0, 1] [1, 1] [1, 2] [1, 3] [1, 4] 
    result: [2, 6]
    set 2:
      game 1:
        [0, 1] [1, 1] [1, 2] [1, 3] [1, 4] 
      game 2:
        [1, 0] [1, 1] [2, 1] [3, 1] [4, 1] 
      game 3:
        [0, 1] [0, 2] [0, 3] [0, 4] 
      game 4:
        [1, 0] [1, 1] [1, 2] [1, 3] [1, 4] 
      game 5:
        [0, 1] [0, 2] [1, 2] [1, 3] [1, 4] 
      game 6:
        [0, 1] [0, 2] [0, 3] [1, 3] [1, 4] 
      game 7:
        [0, 1] [1, 1] [2, 1] [2, 2] [3, 2] [3, 3] [4, 3] [5, 3] 
      game 8:
        [1, 0] [1, 1] [1, 2] [1, 3] [2, 3] [2, 4] 
    result: [2, 6]
  match 6:
    set 1:
      game 1:
        [0, 1] [0, 2] [0, 3] [1, 3] [1, 4] 
      game 2:
        [1, 0] [1, 1] [1, 2] [2, 2] [3, 2] [4, 2] 
      game 3:
        [1, 0] [2, 0] [2, 1] [3, 1] [4, 1] 
      game 4:
        [0, 1] [1, 1] [1, 2] [2, 2] [2, 3] [3, 3] [3, 4] [4, 4] [4, 5] [5, 5] [5, 6] [6, 6] [6, 7] [6, 8] 
      game 5:
        [0, 1] [1, 1] [1, 2] [1, 3] [1, 4] 
      game 6:
        [1, 0] [1, 1] [2, 1] [3, 1] [4, 1] 
      game 7:
        [1, 0] [1, 1] [2, 1] [2, 2] [2, 3] [2, 4] 
      game 8:
        [0, 1] [0, 2] [1, 2] [1, 3] [2, 3] [3, 3] [4, 3] [4, 4] [5, 4] [5, 5] [5, 6] [5, 7] 
      game 9:
        [0, 1] [0, 2] [0, 3] [1, 3] [1, 4] 
    result: [3, 6]
    set 2:
      game 1:
        [1, 0] [1, 1] [1, 2] [1, 3] [1, 4] 
      game 2:
        [1, 0] [2, 0] [3, 0] [4, 0] 
      game 3:
        [0, 1] [0, 2] [1, 2] [1, 3] [1, 4] 
      game 4:
        [1, 0] [1, 1] [2, 1] [2, 2] [2, 3] [3, 3] [4, 3] [4, 4] [5, 4] [6, 4] 
      game 5:
        [0, 1] [0, 2] [0, 3] [1, 3] [1, 4] 
      game 6:
        [1, 0] [2, 0] [2, 1] [3, 1] [4, 1] 
      game 7:
        [1, 0] [2, 0] [3, 0] [3, 1] [3, 2] [4, 2] 
      game 8:
        [1, 0] [2, 0] [2, 1] [3, 1] [3, 2] [4, 2] 
      game 9:
        [0, 1] [0, 2] [0, 3] [1, 3] [1, 4] 
      game 10:
        [1, 0] [1, 1] [1, 2] [1, 3] [2, 3] [2, 4] 
      game 11:
        [0, 1] [1, 1] [1, 2] [1, 3] [2, 3] [2, 4] 
      game 12:
        [0, 1] [0, 2] [0, 3] [1, 3] [2, 3] [3, 3] [3, 4] [4, 4] [4, 5] [5, 5] [6, 5] [7, 5] 
      game 13:
        [0, 1] [0, 2] [1, 2] [2, 2] [3, 2] [3, 3] [3, 4] [4, 4] [5, 4] [5, 5] [6, 5] [6, 6] [7, 6] [7, 7] [7, 8] [8, 8] [9, 8] [9, 9] [9, 10] [10, 10] [10, 11] [11, 11] [11, 12] [12, 12] [13, 12] [14, 12] 
    result: [7, 6]
    set 3:
      game 1:
        [0, 1] [1, 1] [1, 2] [2, 2] [2, 3] [2, 4] 
      game 2:
        [1, 0] [2, 0] [2, 1] [2, 2] [2, 3] [3, 3] [4, 3] [4, 4] [5, 4] [6, 4] 
      game 3:
        [1, 0] [2, 0] [3, 0] [4, 0] 
      game 4:
        [0, 1] [0, 2] [1, 2] [1, 3] [1, 4] 
      game 5:
        [0, 1] [1, 1] [1, 2] [2, 2] [2, 3] [2, 4] 
      game 6:
        [1, 0] [2, 0] [2, 1] [2, 2] [3, 2] [3, 3] [4, 3] [5, 3] 
      game 7:
        [0, 1] [1, 1] [2, 1] [3, 1] [3, 2] [3, 3] [4, 3] [5, 3] 
      game 8:
        [0, 1] [1, 1] [1, 2] [2, 2] [2, 3] [2, 4] 
      game 9:
        [0, 1] [1, 1] [1, 2] [1, 3] [2, 3] [3, 3] [3, 4] [3, 5] 
      game 10:
        [0, 1] [0, 2] [0, 3] [0, 4] 
    result: [4, 6]
  match 7:
    set 1:
      game 1:
        [1, 0] [2, 0] [2, 1] [2, 2] [3, 2] [4, 2] 
      game 2:
        [1, 0] [1, 1] [2, 1] [2, 2] [2, 3] [2, 4] 
      game 3:
        [0, 1] [0, 2] [0, 3] [1, 3] [2, 3] [2, 4] 
      game 4:
        [0, 1] [0, 2] [0, 3] [1, 3] [1, 4] 
      game 5:
        [0, 1] [0, 2] [1, 2] [1, 3] [1, 4] 
      game 6:
        [1, 0] [1, 1] [2, 1] [2, 2] [3, 2] [4, 2] 
      game 7:
        [1, 0] [1, 1] [2, 1] [2, 2] [3, 2] [3, 3] [3, 4] [3, 5] 
      game 8:
        [1, 0] [2, 0] [2, 1] [2, 2] [2, 3] [3, 3] [3, 4] [4, 4] [4, 5] [4, 6] 
    result: [2, 6]
    set 2:
      game 1:
        [1, 0] [1, 1] [2, 1] [2, 2] [2, 3] [3, 3] [3, 4] [3, 5] 
      game 2:
        [1, 0] [2, 0] [2, 1] [2, 2] [2, 3] [2, 4] 
      game 3:
        [1, 0] [1, 1] [1, 2] [2, 2] [3, 2] [3, 3] [3, 4] [4, 4] [4, 5] [4, 6] 
      game 4:
        [1, 0] [1, 1] [1, 2] [2, 2] [3, 2] [3, 3] [4, 3] [4, 4] [5, 4] [5, 5] [6, 5] [7, 5] 
      game 5:
        [1, 0] [2, 0] [3, 0] [3, 1] [3, 2] [3, 3] [3, 4] [4, 4] [4, 5] [4, 6] 
      game 6:
        [1, 0] [1, 1] [1, 2] [2, 2] [2, 3] [3, 3] [4, 3] [4, 4] [5, 4] [6, 4] 
      game 7:
        [1, 0] [1, 1] [2, 1] [3, 1] [4, 1] 
      game 8:
        [0, 1] [1, 1] [1, 2] [2, 2] [3, 2] [3, 3] [4, 3] [4, 4] [4, 5] [5, 5] [6, 5] [7, 5] 
      game 9:
        [1, 0] [2, 0] [2, 1] [3, 1] [3, 2] [4, 2] 
      game 10:
        [0, 1] [1, 1] [1, 2] [1, 3] [1, 4] 
      game 11:
        [0, 1] [1, 1] [2, 1] [3, 1] [3, 2] [4, 2] 
      game 12:
        [1, 0] [1, 1] [2, 1] [3, 1] [4, 1] 
    result: [7, 5]
    set 3:
      game 1:
        [1, 0] [2, 0] [2, 1] [2, 2] [3, 2] [4, 2] 
      game 2:
        [1, 0] [1, 1] [2, 1] [3, 1] [4, 1] 
      game 3:
        [0, 1] [0, 2] [1, 2] [2, 2] [2, 3] [3, 3] [4, 3] [5, 3] 
      game 4:
        [1, 0] [1, 1] [1, 2] [1, 3] [2, 3] [2, 4] 
      game 5:
        [1, 0] [2, 0] [2, 1] [2, 2] [3, 2] [4, 2] 
      game 6:
        [1, 0] [2, 0] [3, 0] [3, 1] [4, 1] 
      game 7:
        [0, 1] [0, 2] [1, 2] [2, 2] [3, 2] [3, 3] [3, 4] [3, 5] 
      game 8:
        [1, 0] [1, 1] [1, 2] [2, 2] [2, 3] [3, 3] [4, 3] [4, 4] [5, 4] [5, 5] [5, 6] [5, 7] 
      game 9:
        [1, 0] [2, 0] [3, 0] [3, 1] [4, 1] 
    result: [6, 3]
  match 8:
    set 1:
      game 1:
        [1, 0] [2, 0] [2, 1] [3, 1] [3, 2] [4, 2] 
      game 2:
        [1, 0] [1, 1] [1, 2] [1, 3] [1, 4] 
      game 3:
        [1, 0] [2, 0] [2, 1] [3, 1] [4, 1] 
      game 4:
        [0, 1] [0, 2] [0, 3] [0, 4] 
      game 5:
        [1, 0] [1, 1] [2, 1] [3, 1] [3, 2] [4, 2] 
      game 6:
        [0, 1] [0, 2] [0, 3] [1, 3] [2, 3] [3, 3] [4, 3] [5, 3] 
      game 7:
        [1, 0] [1, 1] [1, 2] [1, 3] [1, 4] 
      game 8:
        [0, 1] [0, 2] [1, 2] [1, 3] [2, 3] [2, 4] 
      game 9:
        [1, 0] [1, 1] [1, 2] [1, 3] [2, 3] [3, 3] [4, 3] [4, 4] [5, 4] [6, 4] 
      game 10:
        [0, 1] [1, 1] [1, 2] [1, 3] [1, 4] 
      game 11:
        [1, 0] [1, 1] [1, 2] [1, 3] [1, 4] 
      game 12:
        [0, 1] [0, 2] [0, 3] [1, 3] [2, 3] [3, 3] [3, 4] [4, 4] [5, 4] [6, 4] 
      game 13:
        [0, 1] [1, 1] [2, 1] [2, 2] [3, 2] [3, 3] [3, 4] [4, 4] [4, 5] [5, 5] [5, 6] [5, 7] 
    result: [6, 7]
    set 2:
      game 1:
        [0, 1] [0, 2] [1, 2] [2, 2] [3, 2] [3, 3] [3, 4] [3, 5] 
      game 2:
        [1, 0] [1, 1] [2, 1] [3, 1] [3, 2] [4, 2] 
      game 3:
        [1, 0] [2, 0] [2, 1] [3, 1] [3, 2] [3, 3] [3, 4] [3, 5] 
      game 4:
        [0, 1] [1, 1] [1, 2] [1, 3] [1, 4] 
      game 5:
        [1, 0] [2, 0] [3, 0] [3, 1] [4, 1] 
      game 6:
        [1, 0] [2, 0] [2, 1] [2, 2] [2, 3] [2, 4] 
      game 7:
        [0, 1] [1, 1] [2, 1] [2, 2] [3, 2] [3, 3] [4, 3] [5, 3] 
      game 8:
        [1, 0] [2, 0] [3, 0] [4, 0] 
      game 9:
        [0, 1] [1, 1] [2, 1] [3, 1] [4, 1] 
      game 10:
        [1, 0] [2, 0] [2, 1] [3, 1] [3, 2] [3, 3] [4, 3] [4, 4] [5, 4] [6, 4] 
    result: [6, 4]
    set 3:
      game 1:
        [0, 1] [1, 1] [2, 1] [2, 2] [2, 3] [2, 4] 
      game 2:
        [0, 1] [1, 1] [2, 1] [3, 1] [4, 1] 
      game 3:
        [0, 1] [0, 2] [0, 3] [1, 3] [2, 3] [2, 4] 
      game 4:
        [1, 0] [2, 0] [2, 1] [3, 1] [3, 2] [3, 3] [4, 3] [5, 3] 
      game 5:
        [1, 0] [1, 1] [1, 2] [1, 3] [2, 3] [3, 3] [3, 4] [3, 5] 
      game 6:
        [1, 0] [2, 0] [2, 1] [3, 1] [3, 2] [4, 2] 
      game 7:
        [0, 1] [1, 1] [1, 2] [1, 3] [1, 4] 
      game 8:
        [1, 0] [2, 0] [2, 1] [2, 2] [2, 3] [2, 4] 
      game 9:
        [0, 1] [1, 1] [1, 2] [2, 2] [3, 2] [3, 3] [4, 3] [5, 3] 
      game 10:
        [0, 1] [0, 2] [1, 2] [1, 3] [1, 4] 
    result: [4, 6]
  match 9:
    set 1:
      game 1:
        [1, 0] [1, 1] [2, 1] [3, 1] [4, 1] 
      game 2:
        [0, 1] [1, 1] [2, 1] [3, 1] [4, 1] 
      game 3:
        [1, 0] [1, 1] [1, 2] [1, 3] [2, 3] [2, 4] 
      game 4:
        [1, 0] [1, 1] [1, 2] [1, 3] [1, 4] 
      game 5:
        [1, 0] [1, 1] [2, 1] [2, 2] [2, 3] [3, 3] [3, 4] [4, 4] [4, 5] [4, 6] 
      game 6:
        [0, 1] [1, 1] [2, 1] [3, 1] [4, 1] 
      game 7:
        [0, 1] [1, 1] [2, 1] [3, 1] [3, 2] [4, 2] 
      game 8:
        [1, 0] [1, 1] [2, 1] [3, 1] [4, 1] 
      game 9:
        [1, 0] [2, 0] [2, 1] [3, 1] [4, 1] 
    result: [6, 3]
    set 2:
      game 1:
        [1, 0] [2, 0] [2, 1] [2, 2] [2, 3] [3, 3] [3, 4] [4, 4] [5, 4] [6, 4] 
      game 2:
        [1, 0] [2, 0] [2, 1] [3, 1] [3, 2] [4, 2] 
      game 3:
        [1, 0] [1, 1] [1, 2] [1, 3] [1, 4] 
      game 4:
        [0, 1] [0, 2] [0, 3] [0, 4] 
      game 5:
        [0, 1] [1, 1] [2, 1] [3, 1] [3, 2] [3, 3] [3, 4] [4, 4] [5, 4] [5, 5] [5, 6] [6, 6] [7, 6] [7, 7] [8, 7] [8, 8] [9, 8] [10, 8] 
      game 6:
        [0, 1] [1, 1] [1, 2] [2, 2] [2, 3] [2, 4] 
      game 7:
        [0, 1] [1, 1] [1, 2] [1, 3] [2, 3] [2, 4] 
      game 8:
        [0, 1] [1, 1] [1, 2] [2, 2] [3, 2] [4, 2] 
      game 9:
        [0, 1] [0, 2] [1, 2] [2, 2] [2, 3] [3, 3] [4, 3] [4, 4] [4, 5] [5, 5] [6, 5] [7, 5] 
      game 10:
        [0, 1] [1, 1] [2, 1] [2, 2] [2, 3] [3, 3] [4, 3] [4, 4] [5, 4] [6, 4] 
    result: [6, 4]
  match 10:
    set 1:
      game 1:
        [1, 0] [1, 1] [1, 2] [1, 3] [1, 4] 
      game 2:
        [1, 0] [1, 1] [1, 2] [2, 2] [2, 3] [3, 3] [3, 4] [4, 4] [4, 5] [5, 5] [6, 5] [7, 5] 
      game 3:
        [1, 0] [1, 1] [1, 2] [1, 3] [2, 3] [3, 3] [3, 4] [3, 5] 
      game 4:
        [0, 1] [1, 1] [2, 1] [2, 2] [2, 3] [3, 3] [3, 4] [4, 4] [5, 4] [6, 4] 
      game 5:
        [0, 1] [1, 1] [1, 2] [1, 3] [1, 4] 
      game 6:
        [0, 1] [1, 1] [1, 2] [2, 2] [2, 3] [2, 4] 
      game 7:
        [0, 1] [0, 2] [1, 2] [1, 3] [1, 4] 
      game 8:
        [0, 1] [0, 2] [1, 2] [2, 2] [2, 3] [3, 3] [3, 4] [3, 5] 
    result: [2, 6]
    set 2:
      game 1:
        [1, 0] [2, 0] [3, 0] [3, 1] [4, 1] 
      game 2:
        [1, 0] [2, 0] [3, 0] [4, 0] 
      game 3:
        [0, 1] [0, 2] [0, 3] [0, 4] 
      game 4:
        [1, 0] [1, 1] [2, 1] [3, 1] [3, 2] [3, 3] [3, 4] [4, 4] [5, 4] [6, 4] 
      game 5:
        [0, 1] [1, 1] [1, 2] [2, 2] [2, 3] [3, 3] [4, 3] [5, 3] 
      game 6:
        [1, 0] [2, 0] [2, 1] [2, 2] [3, 2] [4, 2] 
      game 7:
        [0, 1] [1, 1] [2, 1] [3, 1] [3, 2] [3, 3] [3, 4] [3, 5] 
      game 8:
        [1, 0] [1, 1] [2, 1] [3, 1] [4, 1] 
    result: [6, 2]
    set 3:
      game 1:
        [1, 0] [2, 0] [2, 1] [3, 1] [3, 2] [4, 2] 
      game 2:
        [1, 0] [1, 1] [1, 2] [1, 3] [2, 3] [3, 3] [3, 4] [3, 5] 
      game 3:
        [0, 1] [1, 1] [2, 1] [3, 1] [4, 1] 
      game 4:
        [0, 1] [0, 2] [0, 3] [0, 4] 
      game 5:
        [0, 1] [0, 2] [0, 3] [0, 4] 
      game 6:
        [1, 0] [2, 0] [2, 1] [2, 2] [3, 2] [4, 2] 
      game 7:
        [0, 1] [1, 1] [2, 1] [3, 1] [4, 1] 
      game 8:
        [1, 0] [1, 1] [1, 2] [2, 2] [3, 2] [4, 2] 
      game 9:
        [0, 1] [1, 1] [2, 1] [3, 1] [3, 2] [4, 2] 
    result: [6, 3]
  match 11:
    set 1:
      game 1:
        [0, 1] [1, 1] [2, 1] [3, 1] [3, 2] [4, 2] 
      game 2:
        [0, 1] [0, 2] [1, 2] [1, 3] [2, 3] [2, 4] 
      game 3:
        [0, 1] [0, 2] [0, 3] [1, 3] [2, 3] [3, 3] [3, 4] [4, 4] [4, 5] [5, 5] [5, 6] [5, 7] 
      game 4:
        [0, 1] [0, 2] [1, 2] [1, 3] [2, 3] [2, 4] 
      game 5:
        [0, 1] [1, 1] [1, 2] [1, 3] [2, 3] [2, 4] 
      game 6:
        [0, 1] [0, 2] [0, 3] [1, 3] [1, 4] 
      game 7:
        [0, 1] [0, 2] [0, 3] [0, 4] 
    result: [1, 6]
    set 2:
      game 1:
        [1, 0] [2, 0] [2, 1] [3, 1] [4, 1] 
      game 2:
        [1, 0] [2, 0] [2, 1] [3, 1] [4, 1] 
      game 3:
        [0, 1] [0, 2] [1, 2] [1, 3] [1, 4] 
      game 4:
        [0, 1] [1, 1] [2, 1] [3, 1] [3, 2] [3, 3] [3, 4] [3, 5] 
      game 5:
        [1, 0] [2, 0] [2, 1] [2, 2] [3, 2] [3, 3] [4, 3] [5, 3] 
      game 6:
        [1, 0] [2, 0] [3, 0] [3, 1] [3, 2] [3, 3] [3, 4] [4, 4] [5, 4] [6, 4] 
      game 7:
        [1, 0] [2, 0] [3, 0] [3, 1] [4, 1] 
      game 8:
        [1, 0] [2, 0] [2, 1] [3, 1] [3, 2] [4, 2] 
    result: [6, 2]
    set 3:
      game 1:
        [0, 1] [0, 2] [1, 2] [1, 3] [1, 4] 
      game 2:
        [0, 1] [0, 2] [0, 3] [0, 4] 
      game 3:
        [0, 1] [1, 1] [1, 2] [2, 2] [2, 3] [3, 3] [4, 3] [4, 4] [4, 5] [4, 6] 
      game 4:
        [1, 0] [1, 1] [2, 1] [3, 1] [3, 2] [3, 3] [4, 3] [4, 4] [5, 4] [5, 5] [5, 6] [5, 7] 
      game 5:
        [1, 0] [2, 0] [3, 0] [4, 0] 
      game 6:
        [1, 0] [1, 1] [2, 1] [3, 1] [4, 1] 
      game 7:
        [0, 1] [1, 1] [2, 1] [3, 1] [4, 1] 
      game 8:
        [0, 1] [1, 1] [1, 2] [1, 3] [2, 3] [3, 3] [3, 4] [4, 4] [4, 5] [4, 6] 
      game 9:
        [1, 0] [2, 0] [3, 0] [3, 1] [3, 2] [3, 3] [3, 4] [3, 5] 
    result: [3, 6]
  match 12:
    set 1:
      game 1:
        [1, 0] [2, 0] [3, 0] [3, 1] [4, 1] 
      game 2:
        [1, 0] [1, 1] [2, 1] [2, 2] [3, 2] [3, 3] [3, 4] [3, 5] 
      game 3:
        [0, 1] [1, 1] [1, 2] [1, 3] [1, 4] 
      game 4:
        [0, 1] [1, 1] [1, 2] [2, 2] [2, 3] [2, 4] 
      game 5:
        [1, 0] [2, 0] [3, 0] [3, 1] [4, 1] 
      game 6:
        [0, 1] [0, 2] [1, 2] [2, 2] [3, 2] [4, 2] 
      game 7:
        [1, 0] [1, 1] [1, 2] [1, 3] [2, 3] [3, 3] [3, 4] [3, 5] 
      game 8:
        [1, 0] [2, 0] [2, 1] [3, 1] [4, 1] 
      game 9:
        [1, 0] [1, 1] [1, 2] [2, 2] [3, 2] [3, 3] [3, 4] [3, 5] 
      game 10:
        [0, 1] [0, 2] [0, 3] [1, 3] [1, 4] 
    result: [4, 6]
    set 2:
      game 1:
        [0, 1] [1, 1] [2, 1] [2, 2] [2, 3] [2, 4] 
      game 2:
        [1, 0] [1, 1] [1, 2] [2, 2] [2, 3] [2, 4] 
      game 3:
        [1, 0] [1, 1] [2, 1] [2, 2] [3, 2] [3, 3] [3, 4] [3, 5] 
      game 4:
        [0, 1] [1, 1] [2, 1] [3, 1] [4, 1] 
      game 5:
        [0, 1] [1, 1] [2, 1] [3, 1] [3, 2] [4, 2] 
      game 6:
        [0, 1] [0, 2] [1, 2] [1, 3] [2, 3] [2, 4] 
      game 7:
        [1, 0] [2, 0] [3, 0] [4, 0] 
      game 8:
        [0, 1] [1, 1] [1, 2] [2, 2] [3, 2] [4, 2] 
      game 9:
        [1, 0] [2, 0] [2, 1] [3, 1] [4, 1] 
      game 10:
        [0, 1] [0, 2] [1, 2] [1, 3] [2, 3] [3, 3] [4, 3] [4, 4] [5, 4] [5, 5] [6, 5] [7, 5] 
    result: [6, 4]
    set 3:
      game 1:
        [1, 0] [1, 1] [2, 1] [3, 1] [4, 1] 
      game 2:
        [0, 1] [0, 2] [0, 3] [1, 3] [1, 4] 
      game 3:
        [1, 0] [1, 1] [2, 1] [3, 1] [4, 1] 
      game 4:
        [1, 0] [2, 0] [3, 0] [4, 0] 
      game 5:
        [0, 1] [0, 2] [1, 2] [2, 2] [2, 3] [2, 4] 
      game 6:
        [1, 0] [2, 0] [3, 0] [3, 1] [3, 2] [4, 2] 
      game 7:
        [0, 1] [0, 2] [0, 3] [1, 3] [2, 3] [3, 3] [4, 3] [4, 4] [5, 4] [5, 5] [6, 5] [7, 5] 
      game 8:
        [1, 0] [1, 1] [1, 2] [1, 3] [1, 4] 
      game 9:
        [0, 1] [1, 1] [1, 2] [2, 2] [2, 3] [3, 3] [4, 3] [5, 3] 
    result: [6, 3]
  match 13:
    set 1:
      game 1:
        [0, 1] [0, 2] [0, 3] [1, 3] [2, 3] [2, 4] 
      game 2:
        [0, 1] [1, 1] [1, 2] [2, 2] [2, 3] [2, 4] 
      game 3:
        [0, 1] [1, 1] [1, 2] [2, 2] [3, 2] [3, 3] [3, 4] [3, 5] 
      game 4:
        [1, 0] [1, 1] [2, 1] [2, 2] [2, 3] [3, 3] [4, 3] [5, 3] 
      game 5:
        [0, 1] [0, 2] [1, 2] [1, 3] [2, 3] [3, 3] [3, 4] [4, 4] [5, 4] [5, 5] [5, 6] [5, 7] 
      game 6:
        [1, 0] [2, 0] [2, 1] [2, 2] [3, 2] [3, 3] [3, 4] [4, 4] [4, 5] [4, 6] 
      game 7:
        [1, 0] [2, 0] [2, 1] [2, 2] [2, 3] [2, 4] 
    result: [1, 6]
    set 2:
      game 1:
        [1, 0] [2, 0] [3, 0] [4, 0] 
      game 2:
        [0, 1] [0, 2] [1, 2] [1, 3] [1, 4] 
      game 3:
        [0, 1] [1, 1] [1, 2] [1, 3] [2, 3] [2, 4] 
      game 4:
        [0, 1] [0, 2] [1, 2] [1, 3] [1, 4] 
      game 5:
        [1, 0] [2, 0] [3, 0] [4, 0] 
      game 6:
        [1, 0] [2, 0] [2, 1] [3, 1] [4, 1] 
      game 7:
        [0, 1] [1, 1] [1, 2] [1, 3] [2, 3] [2, 4] 
      game 8:
        [0, 1] [0, 2] [0, 3] [1, 3] [2, 3] [3, 3] [3, 4] [3, 5] 
      game 9:
        [0, 1] [0, 2] [1, 2] [2, 2] [2, 3] [3, 3] [3, 4] [3, 5] 
    result: [3, 6]
  match 14:
    set 1:
      game 1:
        [0, 1] [0, 2] [1, 2] [2, 2] [2, 3] [2, 4] 
      game 2:
        [0, 1] [1, 1] [2, 1] [3, 1] [3, 2] [4, 2] 
      game 3:
        [1, 0] [2, 0] [2, 1] [2, 2] [3, 2] [3, 3] [4, 3] [4, 4] [4, 5] [5, 5] [6, 5] [6, 6] [7, 6] [8, 6] 
      game 4:
        [0, 1] [0, 2] [0, 3] [0, 4] 
      game 5:
        [1, 0] [2, 0] [3, 0] [3, 1] [4, 1] 
      game 6:
        [0, 1] [0, 2] [0, 3] [0, 4] 
      game 7:
        [0, 1] [1, 1] [1, 2] [2, 2] [3, 2] [4, 2] 
      game 8:
        [1, 0] [1, 1] [2, 1] [3, 1] [3, 2] [4, 2] 
      game 9:
        [0, 1] [1, 1] [1, 2] [2, 2] [2, 3] [2, 4] 
      game 10:
        [0, 1] [0, 2] [0, 3] [0, 4] 
      game 11:
        [1, 0] [2, 0] [3, 0] [3, 1] [3, 2] [4, 2] 
      game 12:
        [1, 0] [1, 1] [2, 1] [2, 2] [3, 2] [3, 3] [3, 4] [3, 5] 
      game 13:
        [0, 1] [0, 2] [0, 3] [0, 4] [1, 4] [1, 5] [1, 6] [1, 7] 
    result: [6, 7]
    set 2:
      game 1:
        [1, 0] [1, 1] [2, 1] [3, 1] [4, 1] 
      game 2:
        [0, 1] [0, 2] [0, 3] [1, 3] [1, 4] 
      game 3:
        [1, 0] [1, 1] [1, 2] [2, 2] [3, 2] [4, 2] 
      game 4:
        [0, 1] [0, 2] [0, 3] [1, 3] [2, 3] [2, 4] 
      game 5:
        [1, 0] [2, 0] [2, 1] [3, 1] [3, 2] [3, 3] [3, 4] [3, 5] 
      game 6:
        [1, 0] [1, 1] [1, 2] [2, 2] [3, 2] [3, 3] [3, 4] [3, 5] 
      game 7:
        [1, 0] [1, 1] [1, 2] [1, 3] [2, 3] [2, 4] 
      game 8:
        [0, 1] [1, 1] [1, 2] [1, 3] [2, 3] [2, 4] 
    result: [2, 6]
  match 15:
    set 1:
      game 1:
        [0, 1] [1, 1] [2, 1] [2, 2] [3, 2] [4, 2] 
      game 2:
        [1, 0] [1, 1] [2, 1] [3, 1] [4, 1] 
      game 3:
        [0, 1] [0, 2] [0, 3] [0, 4] 
      game 4:
        [1, 0] [1, 1] [1, 2] [1, 3] [2, 3] [3, 3] [4, 3] [4, 4] [5, 4] [5, 5] [6, 5] [6, 6] [7, 6] [7, 7] [8, 7] [8, 8] [9, 8] [9, 9] [10, 9] [10, 10] [10, 11] [10, 12] 
      game 5:
        [1, 0] [2, 0] [3, 0] [3, 1] [4, 1] 
      game 6:
        [1, 0] [2, 0] [3, 0] [4, 0] 
      game 7:
        [0, 1] [0, 2] [1, 2] [1, 3] [2, 3] [3, 3] [3, 4] [4, 4] [5, 4] [6, 4] 
      game 8:
        [1, 0] [2, 0] [3, 0] [4, 0] 
    result: [6, 2]
    set 2:
      game 1:
        [0, 1] [0, 2] [0, 3] [1, 3] [2, 3] [2, 4] 
      game 2:
        [0, 1] [1, 1] [2, 1] [3, 1] [3, 2] [3, 3] [4, 3] [4, 4] [5, 4] [5, 5] [6, 5] [7, 5] 
      game 3:
        [1, 0] [1, 1] [1, 2] [2, 2] [2, 3] [2, 4] 
      game 4:
        [1, 0] [1, 1] [1, 2] [2, 2] [2, 3] [2, 4] 
      game 5:
        [1, 0] [1, 1] [2, 1] [2, 2] [3, 2] [3, 3] [4, 3] [5, 3] 
      game 6:
        [0, 1] [1, 1] [2, 1] [2, 2] [2, 3] [2, 4] 
      game 7:
        [1, 0] [2, 0] [3, 0] [4, 0] 
      game 8:
        [0, 1] [0, 2] [0, 3] [1, 3] [1, 4] 
      game 9:
        [0, 1] [0, 2] [1, 2] [1, 3] [1, 4] 
    result: [3, 6]
    set 3:
      game 1:
        [0, 1] [0, 2] [1, 2] [2, 2] [2, 3] [2, 4] 
      game 2:
        [0, 1] [1, 1] [1, 2] [1, 3] [2, 3] [3, 3] [3, 4] [3, 5] 
      game 3:
        [0, 1] [1, 1] [2, 1] [3, 1] [3, 2] [4, 2] 
      game 4:
        [1, 0] [2, 0] [3, 0] [4, 0] 
      game 5:
        [1, 0] [1, 1] [2, 1] [3, 1] [3, 2] [4, 2] 
      game 6:
        [1, 0] [1, 1] [2, 1] [3, 1] [4, 1] 
      game 7:
        [1, 0] [1, 1] [1, 2] [2, 2] [3, 2] [3, 3] [4, 3] [4, 4] [4, 5] [5, 5] [6, 5] [6, 6] [6, 7] [7, 7] [7, 8] [7, 9] 
      game 8:
        [1, 0] [2, 0] [2, 1] [2, 2] [3, 2] [3, 3] [4, 3] [5, 3] 
      game 9:
        [1, 0] [1, 1] [1, 2] [1, 3] [1, 4] 
      game 10:
        [1, 0] [2, 0] [3, 0] [4, 0] 
    result: [6, 4]
  match 16:
    set 1:
      game 1:
        [0, 1] [1, 1] [2, 1] [2, 2] [3, 2] [3, 3] [3, 4] [3, 5] 
      game 2:
        [0, 1] [1, 1] [1, 2] [2, 2] [2, 3] [2, 4] 
      game 3:
        [1, 0] [1, 1] [2, 1] [2, 2] [3, 2] [3, 3] [3, 4] [4, 4] [4, 5] [4, 6] 
      game 4:
        [0, 1] [0, 2] [0, 3] [0, 4] 
      game 5:
        [1, 0] [1, 1] [1, 2] [1, 3] [2, 3] [2, 4] 
      game 6:
        [1, 0] [1, 1] [2, 1] [3, 1] [3, 2] [4, 2] 
      game 7:
        [1, 0] [1, 1] [1, 2] [1, 3] [2, 3] [3, 3] [4, 3] [4, 4] [4, 5] [4, 6] 
    result: [1, 6]
    set 2:
      game 1:
        [1, 0] [1, 1] [2, 1] [2, 2] [2, 3] [3, 3] [3, 4] [3, 5] 
      game 2:
        [1, 0] [2, 0] [3, 0] [4, 0] 
      game 3:
        [0, 1] [1, 1] [2, 1] [2, 2] [2, 3] [3, 3] [4, 3] [5, 3] 
      game 4:
        [1, 0] [2, 0] [3, 0] [4, 0] 
      game 5:
        [0, 1] [0, 2] [1, 2] [2, 2] [2, 3] [3, 3] [4, 3] [4, 4] [4, 5] [5, 5] [5, 6] [6, 6] [7, 6] [7, 7] [7, 8] [8, 8] [9, 8] [10, 8] 
      game 6:
        [0, 1] [1, 1] [2, 1] [3, 1] [3, 2] [3, 3] [3, 4] [3, 5] 
      game 7:
        [1, 0] [2, 0] [3, 0] [4, 0] 
      game 8:
        [1, 0] [2, 0] [2, 1] [3, 1] [4, 1] 
    result: [6, 2]
    set 3:
      game 1:
        [1, 0] [2, 0] [2, 1] [2, 2] [2, 3] [3, 3] [3, 4] [4, 4] [4, 5] [4, 6] 
      game 2:
        [0, 1] [1, 1] [2, 1] [2, 2] [2, 3] [3, 3] [4, 3] [5, 3] 
      game 3:
        [1, 0] [1, 1] [2, 1] [3, 1] [4, 1] 
      game 4:
        [0, 1] [1, 1] [1, 2] [2, 2] [2, 3] [3, 3] [3, 4] [3, 5] 
      game 5:
        [1, 0] [1, 1] [1, 2] [2, 2] [3, 2] [4, 2] 
      game 6:
        [1, 0] [1, 1] [1, 2] [2, 2] [2, 3] [3, 3] [4, 3] [5, 3] 
      game 7:
        [0, 1] [1, 1] [1, 2] [1, 3] [1, 4] 
      game 8:
        [0, 1] [1, 1] [1, 2] [2, 2] [2, 3] [3, 3] [3, 4] [3, 5] 
      game 9:
        [1, 0] [2, 0] [2, 1] [2, 2] [2, 3] [2, 4] 
      game 10:
        [0, 1] [0, 2] [0, 3] [0, 4] 
    result: [4, 6]
  match 17:
    set 1:
      game 1:
        [1, 0] [2, 0] [2, 1] [3, 1] [3, 2] [3, 3] [4, 3] [4, 4] [4, 5] [5, 5] [6, 5] [7, 5] 
      game 2:
        [0, 1] [1, 1] [1, 2] [2, 2] [2, 3] [2, 4] 
      game 3:
        [1, 0] [1, 1] [1, 2] [1, 3] [2, 3] [2, 4] 
      game 4:
        [0, 1] [1, 1] [1, 2] [1, 3] [1, 4] 
      game 5:
        [0, 1] [1, 1] [2, 1] [2, 2] [2, 3] [2, 4] 
      game 6:
        [0, 1] [0, 2] [1, 2] [2, 2] [3, 2] [3, 3] [3, 4] [3, 5] 
      game 7:
        [0, 1] [1, 1] [1, 2] [2, 2] [3, 2] [3, 3] [4, 3] [5, 3] 
      game 8:
        [1, 0] [2, 0] [3, 0] [3, 1] [3, 2] [4, 2] 
      game 9:
        [1, 0] [1, 1] [1, 2] [2, 2] [3, 2] [4, 2] 
      game 10:
        [1, 0] [1, 1] [1, 2] [2, 2] [2, 3] [2, 4] 
    result: [4, 6]
    set 2:
      game 1:
        [1, 0] [2, 0] [2, 1] [3, 1] [3, 2] [3, 3] [4, 3] [5, 3] 
      game 2:
        [0, 1] [1, 1] [1, 2] [1, 3] [1, 4] 
      game 3:
        [0, 1] [0, 2] [1, 2] [1, 3] [1, 4] 
      game 4:
        [0, 1] [0, 2] [0, 3] [1, 3] [1, 4] 
      game 5:
        [0, 1] [1, 1] [1, 2] [2, 2] [2, 3] [2, 4] 
      game 6:
        [0, 1] [0, 2] [1, 2] [1, 3] [2, 3] [2, 4] 
      game 7:
        [0, 1] [0, 2] [1, 2] [1, 3] [2, 3] [2, 4] 
    result: [1, 6]
  match 18:
    set 1:
      game 1:
        [0, 1] [0, 2] [0, 3] [0, 4] 
      game 2:
        [1, 0] [2, 0] [2, 1] [3, 1] [3, 2] [3, 3] [3, 4] [3, 5] 
      game 3:
        [1, 0] [1, 1] [1, 2] [2, 2] [3, 2] [3, 3] [3, 4] [3, 5] 
      game 4:
        [0, 1] [0, 2] [1, 2] [1, 3] [2, 3] [2, 4] 
      game 5:
        [0, 1] [0, 2] [1, 2] [1, 3] [1, 4] 
      game 6:
        [0, 1] [0, 2] [0, 3] [0, 4] 
    result: [0, 6]
    set 2:
      game 1:
        [1, 0] [2, 0] [3, 0] [4, 0] 
      game 2:
        [0, 1] [0, 2] [0, 3] [1, 3] [1, 4] 
      game 3:
        [1, 0] [1, 1] [2, 1] [2, 2] [3, 2] [4, 2] 
      game 4:
        [0, 1] [0, 2] [0, 3] [1, 3] [2, 3] [3, 3] [4, 3] [5, 3] 
      game 5:
        [0, 1] [1, 1] [2, 1] [3, 1] [4, 1] 
      game 6:
        [1, 0] [2, 0] [3, 0] [3, 1] [3, 2] [3, 3] [4, 3] [4, 4] [4, 5] [5, 5] [5, 6] [6, 6] [7, 6] [8, 6] 
      game 7:
        [0, 1] [1, 1] [2, 1] [3, 1] [3, 2] [3, 3] [4, 3] [4, 4] [5, 4] [6, 4] 
    result: [6, 1]
    set 3:
      game 1:
        [1, 0] [1, 1] [1, 2] [1, 3] [1, 4] 
      game 2:
        [0, 1] [1, 1] [1, 2] [2, 2] [3, 2] [4, 2] 
      game 3:
        [1, 0] [2, 0] [3, 0] [3, 1] [3, 2] [3, 3] [4, 3] [4, 4] [5, 4] [5, 5] [6, 5] [6, 6] [6, 7] [7, 7] [8, 7] [9, 7] 
      game 4:
        [1, 0] [1, 1] [1, 2] [1, 3] [2, 3] [2, 4] 
      game 5:
        [1, 0] [1, 1] [2, 1] [2, 2] [2, 3] [3, 3] [3, 4] [4, 4] [4, 5] [5, 5] [6, 5] [6, 6] [7, 6] [8, 6] 
      game 6:
        [1, 0] [1, 1] [2, 1] [3, 1] [4, 1] 
      game 7:
        [1, 0] [2, 0] [3, 0] [3, 1] [4, 1] 
      game 8:
        [0, 1] [1, 1] [2, 1] [3, 1] [3, 2] [4, 2] 
    result: [6, 2]
  match 19:
    set 1:
      game 1:
        [0, 1] [0, 2] [0, 3] [0, 4] 
      game 2:
        [0, 1] [1, 1] [2, 1] [3, 1] [4, 1] 
      game 3:
        [0, 1] [1, 1] [1, 2] [1, 3] [2, 3] [3, 3] [3, 4] [4, 4] [4, 5] [5, 5] [6, 5] [7, 5] 
      game 4:
        [1, 0] [1, 1] [1, 2] [2, 2] [2, 3] [3, 3] [3, 4] [4, 4] [4, 5] [4, 6] 
      game 5:
        [0, 1] [0, 2] [0, 3] [1, 3] [2, 3] [3, 3] [4, 3] [5, 3] 
      game 6:
        [1, 0] [1, 1] [1, 2] [2, 2] [3, 2] [4, 2] 
      game 7:
        [1, 0] [1, 1] [2, 1] [2, 2] [2, 3] [2, 4] 
      game 8:
        [0, 1] [0, 2] [0, 3] [0, 4] 
      game 9:
        [1, 0] [2, 0] [2, 1] [3, 1] [3, 2] [3, 3] [3, 4] [3, 5] 
      game 10:
        [1, 0] [1, 1] [2, 1] [2, 2] [3, 2] [4, 2] 
      game 11:
        [1, 0] [1, 1] [2, 1] [2, 2] [3, 2] [4, 2] 
      game 12:
        [1, 0] [2, 0] [3, 0] [3, 1] [3, 2] [3, 3] [3, 4] [4, 4] [5, 4] [5, 5] [6, 5] [6, 6] [6, 7] [6, 8] 
      game 13:
        [0, 1] [1, 1] [1, 2] [2, 2] [3, 2] [4, 2] [4, 3] [4, 4] [5, 4] [5, 5] [6, 5] [7, 5] 
    result: [7, 6]
    set 2:
      game 1:
        [1, 0] [2, 0] [2, 1] [3, 1] [3, 2] [4, 2] 
      game 2:
        [0, 1] [0, 2] [1, 2] [1, 3] [2, 3] [3, 3] [4, 3] [5, 3] 
      game 3:
        [0, 1] [0, 2] [0, 3] [1, 3] [2, 3] [3, 3] [4, 3] [5, 3] 
      game 4:
        [1, 0] [1, 1] [1, 2] [1, 3] [1, 4] 
      game 5:
        [0, 1] [1, 1] [1, 2] [1, 3] [2, 3] [2, 4] 
      game 6:
        [1, 0] [2, 0] [2, 1] [2, 2] [2, 3] [3, 3] [3, 4] [3, 5] 
      game 7:
        [1, 0] [2, 0] [3, 0] [4, 0] 
      game 8:
        [0, 1] [1, 1] [1, 2] [1, 3] [1, 4] 
      game 9:
        [1, 0] [2, 0] [3, 0] [4, 0] 
      game 10:
        [1, 0] [1, 1] [2, 1] [3, 1] [4, 1] 
    result: [6, 4]
  match 20:
    set 1:
      game 1:
        [1, 0] [2, 0] [3, 0] [4, 0] 
      game 2:
        [0, 1] [1, 1] [1, 2] [1, 3] [2, 3] [2, 4] 
      game 3:
        [0, 1] [0, 2] [0, 3] [0, 4] 
      game 4:
        [1, 0] [1, 1] [1, 2] [2, 2] [3, 2] [4, 2] 
      game 5:
        [0, 1] [0, 2] [1, 2] [1, 3] [2, 3] [2, 4] 
      game 6:
        [1, 0] [1, 1] [1, 2] [1, 3] [2, 3] [2, 4] 
      game 7:
        [1, 0] [1, 1] [2, 1] [3, 1] [3, 2] [3, 3] [4, 3] [5, 3] 
      game 8:
        [1, 0] [2, 0] [2, 1] [3, 1] [4, 1] 
      game 9:
        [1, 0] [2, 0] [2, 1] [2, 2] [2, 3] [2, 4] 
      game 10:
        [0, 1] [0, 2] [1, 2] [1, 3] [1, 4] 
    result: [4, 6]
    set 2:
      game 1:
        [0, 1] [0, 2] [0, 3] [0, 4] 
      game 2:
        [1, 0] [1, 1] [2, 1] [3, 1] [4, 1] 
      game 3:
        [1, 0] [1, 1] [1, 2] [2, 2] [3, 2] [4, 2] 
      game 4:
        [1, 0] [1, 1] [1, 2] [2, 2] [2, 3] [3, 3] [4, 3] [5, 3] 
      game 5:
        [0, 1] [0, 2] [1, 2] [2, 2] [2, 3] [3, 3] [4, 3] [4, 4] [4, 5] [4, 6] 
      game 6:
        [1, 0] [2, 0] [3, 0] [3, 1] [4, 1] 
      game 7:
        [0, 1] [0, 2] [1, 2] [2, 2] [3, 2] [3, 3] [4, 3] [4, 4] [4, 5] [4, 6] 
      game 8:
        [1, 0] [1, 1] [1, 2] [1, 3] [1, 4] 
      game 9:
        [0, 1] [1, 1] [2, 1] [2, 2] [2, 3] [2, 4] 
      game 10:
        [1, 0] [1, 1] [2, 1] [2, 2] [3, 2] [3, 3] [3, 4] [3, 5] 
    result: [4, 6]
  match 21:
    set 1:
      game 1:
        [1, 0] [1, 1] [2, 1] [2, 2] [2, 3] [3, 3] [3, 4] [3, 5] 
      game 2:
        [0, 1] [0, 2] [1, 2] [1, 3] [1, 4] 
      game 3:
        [0, 1] [1, 1] [2, 1] [2, 2] [2, 3] [3, 3] [4, 3] [4, 4] [5, 4] [5, 5] [5, 6] [6, 6] [7, 6] [7, 7] [8, 7] [9, 7] 
      game 4:
        [1, 0] [2, 0] [2, 1] [3, 1] [3, 2] [3, 3] [4, 3] [5, 3] 
      game 5:
        [0, 1] [0, 2] [0, 3] [1, 3] [2, 3] [2, 4] 
      game 6:
        [0, 1] [0, 2] [0, 3] [0, 4] 
      game 7:
        [1, 0] [1, 1] [2, 1] [3, 1] [3, 2] [3, 3] [4, 3] [5, 3] 
      game 8:
        [1, 0] [1, 1] [1, 2] [1, 3] [2, 3] [2, 4] 
      game 9:
        [0, 1] [0, 2] [1, 2] [2, 2] [3, 2] [4, 2] 
      game 10:
        [1, 0] [2, 0] [3, 0] [3, 1] [3, 2] [3, 3] [3, 4] [4, 4] [4, 5] [4, 6] 
    result: [4, 6]
    set 2:
      game 1:
        [1, 0] [1, 1] [2, 1] [2, 2] [3, 2] [4, 2] 
      game 2:
        [1, 0] [2, 0] [3, 0] [4, 0] 
      game 3:
        [0, 1] [1, 1] [1, 2] [1, 3] [1, 4] 
      game 4:
        [0, 1] [1, 1] [1, 2] [2, 2] [3, 2] [3, 3] [4, 3] [4, 4] [4, 5] [4, 6] 
      game 5:
        [0, 1] [1, 1] [1, 2] [1, 3] [2, 3] [3, 3] [4, 3] [4, 4] [4, 5] [4, 6] 
      game 6:
        [1, 0] [1, 1] [1, 2] [1, 3] [2, 3] [2, 4] 
      game 7:
        [1, 0] [1, 1] [1, 2] [1, 3] [2, 3] [2, 4] 
      game 8:
        [0, 1] [0, 2] [1, 2] [1, 3] [2, 3] [3, 3] [4, 3] [5, 3] 
      game 9:
        [1, 0] [2, 0] [2, 1] [3, 1] [4, 1] 
      game 10:
        [0, 1] [0, 2] [0, 3] [0, 4] 
    result: [4, 6]
  match 22:
    set 1:
      game 1:
        [0, 1] [1, 1] [1, 2] [2, 2] [2, 3] [2, 4] 
      game 2:
        [1, 0] [2, 0] [2, 1] [2, 2] [3, 2] [4, 2] 
      game 3:
        [1, 0] [1, 1] [2, 1] [3, 1] [4, 1] 
      game 4:
        [1, 0] [2, 0] [2, 1] [2, 2] [3, 2] [4, 2] 
      game 5:
        [0, 1] [1, 1] [1, 2] [2, 2] [3, 2] [3, 3] [4, 3] [5, 3] 
      game 6:
        [1, 0] [2, 0] [3, 0] [4, 0] 
      game 7:
        [0, 1] [1, 1] [2, 1] [3, 1] [4, 1] 
    result: [6, 1]
    set 2:
      game 1:
        [1, 0] [2, 0] [2, 1] [2, 2] [3, 2] [4, 2] 
      game 2:
        [0, 1] [0, 2] [1, 2] [1, 3] [1, 4] 
      game 3:
        [0, 1] [1, 1] [1, 2] [2, 2] [2, 3] [2, 4] 
      game 4:
        [1, 0] [1, 1] [2, 1] [3, 1] [4, 1] 
      game 5:
        [1, 0] [1, 1] [1, 2] [2, 2] [2, 3] [2, 4] 
      game 6:
        [1, 0] [1, 1] [1, 2] [1, 3] [2, 3] [3, 3] [4, 3] [4, 4] [5, 4] [5, 5] [6, 5] [7, 5] 
      game 7:
        [0, 1] [0, 2] [0, 3] [1, 3] [1, 4] 
      game 8:
        [1, 0] [1, 1] [1, 2] [1, 3] [2, 3] [2, 4] 
      game 9:
        [1, 0] [1, 1] [2, 1] [3, 1] [4, 1] 
      game 10:
        [0, 1] [1, 1] [1, 2] [2, 2] [2, 3] [2, 4] 
    result: [4, 6]
    set 3:
      game 1:
        [1, 0] [2, 0] [2, 1] [2, 2] [2, 3] [3, 3] [3, 4] [3, 5] 
      game 2:
        [1, 0] [1, 1] [2, 1] [2, 2] [3, 2] [3, 3] [3, 4] [4, 4] [4, 5] [4, 6] 
      game 3:
        [0, 1] [1, 1] [1, 2] [1, 3] [1, 4] 
      game 4:
        [1, 0] [1, 1] [1, 2] [2, 2] [3, 2] [3, 3] [4, 3] [4, 4] [4, 5] [4, 6] 
      game 5:
        [0, 1] [1, 1] [2, 1] [3, 1] [3, 2] [4, 2] 
      game 6:
        [1, 0] [1, 1] [1, 2] [1, 3] [1, 4] 
      game 7:
        [1, 0] [1, 1] [2, 1] [3, 1] [4, 1] 
      game 8:
        [0, 1] [1, 1] [1, 2] [2, 2] [2, 3] [3, 3] [4, 3] [5, 3] 
      game 9:
        [0, 1] [1, 1] [2, 1] [2, 2] [3, 2] [4, 2] 
      game 10:
        [0, 1] [1, 1] [1, 2] [1, 3] [2, 3] [2, 4] 
    result: [4, 6]
  match 23:
    set 1:
      game 1:
        [0, 1] [1, 1] [1, 2] [2, 2] [2, 3] [2, 4] 
      game 2:
        [0, 1] [0, 2] [0, 3] [0, 4] 
      game 3:
        [1, 0] [2, 0] [2, 1] [2, 2] [2, 3] [3, 3] [3, 4] [3, 5] 
      game 4:
        [1, 0] [1, 1] [2, 1] [2, 2] [2, 3] [3, 3] [3, 4] [4, 4] [4, 5] [5, 5] [6, 5] [7, 5] 
      game 5:
        [1, 0] [2, 0] [2, 1] [2, 2] [2, 3] [3, 3] [4, 3] [5, 3] 
      game 6:
        [0, 1] [1, 1] [2, 1] [2, 2] [3, 2] [4, 2] 
      game 7:
        [1, 0] [1, 1] [1, 2] [1, 3] [2, 3] [3, 3] [4, 3] [4, 4] [5, 4] [6, 4] 
      game 8:
        [1, 0] [1, 1] [2, 1] [3, 1] [3, 2] [4, 2] 
      game 9:
        [1, 0] [1, 1] [2, 1] [3, 1] [3, 2] [3, 3] [4, 3] [4, 4] [4, 5] [4, 6] 
      game 10:
        [1, 0] [1, 1] [2, 1] [2, 2] [3, 2] [3, 3] [4, 3] [4, 4] [5, 4] [6, 4] 
    result: [6, 4]
    set 2:
      game 1:
        [1, 0] [2, 0] [2, 1] [2, 2] [2, 3] [3, 3] [3, 4] [3, 5] 
      game 2:
        [0, 1] [0, 2] [1, 2] [1, 3] [1, 4] 
      game 3:
        [1, 0] [2, 0] [3, 0] [4, 0] 
      game 4:
        [0, 1] [1, 1] [1, 2] [1, 3] [2, 3] [3, 3] [3, 4] [3, 5] 
      game 5:
        [0, 1] [1, 1] [1, 2] [2, 2] [2, 3] [3, 3] [3, 4] [3, 5] 
      game 6:
        [1, 0] [2, 0] [3, 0] [4, 0] 
      game 7:
        [0, 1] [0, 2] [1, 2] [2, 2] [3, 2] [4, 2] 
      game 8:
        [1, 0] [1, 1] [2, 1] [3, 1] [3, 2] [4, 2] 
      game 9:
        [0, 1] [1, 1] [1, 2] [2, 2] [3, 2] [4, 2] 
      game 10:
        [0, 1] [0, 2] [0, 3] [1, 3] [2, 3] [2, 4] 
      game 11:
        [0, 1] [1, 1] [2, 1] [3, 1] [3, 2] [3, 3] [4, 3] [5, 3] 
      game 12:
        [1, 0] [1, 1] [1, 2] [2, 2] [3, 2] [4, 2] 
    result: [7, 5]
  match 24:
    set 1:
      game 1:
        [0, 1] [1, 1] [2, 1] [3, 1] [3, 2] [3, 3] [4, 3] [4, 4] [5, 4] [6, 4] 
      game 2:
        [0, 1] [0, 2] [1, 2] [2, 2] [3, 2] [4, 2] 
      game 3:
        [0, 1] [1, 1] [2, 1] [3, 1] [3, 2] [4, 2] 
      game 4:
        [0, 1] [1, 1] [2, 1] [2, 2] [3, 2] [3, 3] [4, 3] [4, 4] [5, 4] [6, 4] 
      game 5:
        [1, 0] [2, 0] [3, 0] [3, 1] [4, 1] 
      game 6:
        [0, 1] [1, 1] [2, 1] [2, 2] [2, 3] [2, 4] 
      game 7:
        [1, 0] [1, 1] [1, 2] [2, 2] [2, 3] [2, 4] 
      game 8:
        [0, 1] [0, 2] [1, 2] [1, 3] [2, 3] [3, 3] [4, 3] [5, 3] 
    result: [6, 2]
    set 2:
      game 1:
        [0, 1] [0, 2] [0, 3] [0, 4] 
      game 2:
        [0, 1] [1, 1] [2, 1] [3, 1] [3, 2] [3, 3] [4, 3] [4, 4] [4, 5] [5, 5] [5, 6] [6, 6] [6, 7] [7, 7] [7, 8] [8, 8] [9, 8] [10, 8] 
      game 3:
        [0, 1] [1, 1] [2, 1] [3, 1] [4, 1] 
      game 4:
        [1, 0] [1, 1] [2, 1] [3, 1] [3, 2] [4, 2] 
      game 5:
        [1, 0] [2, 0] [2, 1] [2, 2] [2, 3] [3, 3] [3, 4] [3, 5] 
      game 6:
        [1, 0] [1, 1] [2, 1] [3, 1] [4, 1] 
      game 7:
        [0, 1] [1, 1] [1, 2] [1, 3] [1, 4] 
      game 8:
        [1, 0] [2, 0] [3, 0] [4, 0] 
      game 9:
        [1, 0] [2, 0] [2, 1] [3, 1] [4, 1] 
    result: [6, 3]
  match 25:
    set 1:
      game 1:
        [1, 0] [1, 1] [2, 1] [2, 2] [2, 3] [3, 3] [3, 4] [4, 4] [5, 4] [6, 4] 
      game 2:
        [1, 0] [1, 1] [1, 2] [2, 2] [2, 3] [3, 3] [3, 4] [4, 4] [4, 5] [5, 5] [6, 5] [7, 5] 
      game 3:
        [0, 1] [1, 1] [2, 1] [2, 2] [3, 2] [3, 3] [3, 4] [4, 4] [4, 5] [4, 6] 
      game 4:
        [1, 0] [2, 0] [3, 0] [3, 1] [4, 1] 
      game 5:
        [0, 1] [1, 1] [2, 1] [3, 1] [4, 1] 
      game 6:
        [1, 0] [1, 1] [2, 1] [3, 1] [3, 2] [3, 3] [4, 3] [5, 3] 
      game 7:
        [1, 0] [2, 0] [3, 0] [4, 0] 
    result: [6, 1]
    set 2:
      game 1:
        [0, 1] [0, 2] [0, 3] [1, 3] [2, 3] [2, 4] 
      game 2:
        [0, 1] [0, 2] [0, 3] [1, 3] [2, 3] [2, 4] 
      game 3:
        [0, 1] [1, 1] [2, 1] [3, 1] [3, 2] [3, 3] [4, 3] [5, 3] 
      game 4:
        [1, 0] [2, 0] [2, 1] [2, 2] [2, 3] [2, 4] 
      game 5:
        [1, 0] [1, 1] [1, 2] [2, 2] [2, 3] [3, 3] [4, 3] [5, 3] 
      game 6:
        [1, 0] [2, 0] [2, 1] [3, 1] [3, 2] [3, 3] [4, 3] [5, 3] 
      game 7:
        [1, 0] [1, 1] [2, 1] [3, 1] [4, 1] 
      game 8:
        [1, 0] [2, 0] [3, 0] [3, 1] [3, 2] [4, 2] 
      game 9:
        [1, 0] [1, 1] [2, 1] [2, 2] [2, 3] [3, 3] [3, 4] [4, 4] [5, 4] [6, 4] 
    result: [6, 3]
  match 26:
    set 1:
      game 1:
        [1, 0] [1, 1] [1, 2] [1, 3] [1, 4] 
      game 2:
        [1, 0] [1, 1] [2, 1] [3, 1] [4, 1] 
      game 3:
        [0, 1] [0, 2] [1, 2] [1, 3] [1, 4] 
      game 4:
        [1, 0] [2, 0] [3, 0] [3, 1] [3, 2] [4, 2] 
      game 5:
        [1, 0] [2, 0] [3, 0] [4, 0] 
      game 6:
        [1, 0] [2, 0] [3, 0] [3, 1] [4, 1] 
      game 7:
        [1, 0] [2, 0] [2, 1] [2, 2] [3, 2] [4, 2] 
      game 8:
        [1, 0] [1, 1] [1, 2] [2, 2] [3, 2] [3, 3] [3, 4] [3, 5] 
      game 9:
        [1, 0] [1, 1] [1, 2] [1, 3] [2, 3] [2, 4] 
      game 10:
        [0, 1] [0, 2] [0, 3] [1, 3] [1, 4] 
      game 11:
        [0, 1] [0, 2] [1, 2] [1, 3] [2, 3] [2, 4] 
      game 12:
        [1, 0] [1, 1] [2, 1] [3, 1] [4, 1] 
      game 13:
        [0, 1] [0, 2] [0, 3] [1, 3] [1, 4] [1, 5] [2, 5] [3, 5] [4, 5] [4, 6] [4, 7] 
    result: [6, 7]
    set 2:
      game 1:
        [1, 0] [2, 0] [2, 1] [2, 2] [2, 3] [2, 4] 
      game 2:
        [0, 1] [0, 2] [1, 2] [2, 2] [3, 2] [3, 3] [4, 3] [5, 3] 
      game 3:
        [1, 0] [1, 1] [2, 1] [3, 1] [3, 2] [3, 3] [4, 3] [5, 3] 
      game 4:
        [1, 0] [1, 1] [1, 2] [2, 2] [2, 3] [3, 3] [4, 3] [4, 4] [5, 4] [5, 5] [5, 6] [6, 6] [6, 7] [7, 7] [7, 8] [8, 8] [9, 8] [9, 9] [10, 9] [11, 9] 
      game 5:
        [1, 0] [2, 0] [3, 0] [3, 1] [3, 2] [4, 2] 
      game 6:
        [1, 0] [1, 1] [2, 1] [3, 1] [4, 1] 
      game 7:
        [1, 0] [1, 1] [1, 2] [1, 3] [1, 4] 
      game 8:
        [0, 1] [0, 2] [1, 2] [1, 3] [2, 3] [2, 4] 
      game 9:
        [1, 0] [1, 1] [1, 2] [2, 2] [2, 3] [2, 4] 
      game 10:
        [0, 1] [1, 1] [2, 1] [2, 2] [2, 3] [3, 3] [4, 3] [4, 4] [4, 5] [5, 5] [5, 6] [6, 6] [6, 7] [6, 8] 
      game 11:
        [0, 1] [1, 1] [1, 2] [1, 3] [2, 3] [3, 3] [4, 3] [5, 3] 
      game 12:
        [0, 1] [0, 2] [1, 2] [2, 2] [2, 3] [3, 3] [3, 4] [4, 4] [5, 4] [6, 4] 
    result: [7, 5]
    set 3:
      game 1:
        [1, 0] [1, 1] [2, 1] [2, 2] [3, 2] [4, 2] 
      game 2:
        [0, 1] [1, 1] [2, 1] [3, 1] [3, 2] [3, 3] [3, 4] [3, 5] 
      game 3:
        [1, 0] [1, 1] [2, 1] [2, 2] [3, 2] [4, 2] 
      game 4:
        [1, 0] [1, 1] [1, 2] [2, 2] [3, 2] [4, 2] 
      game 5:
        [0, 1] [0, 2] [0, 3] [0, 4] 
      game 6:
        [1, 0] [1, 1] [1, 2] [2, 2] [3, 2] [4, 2] 
      game 7:
        [0, 1] [0, 2] [1, 2] [2, 2] [2, 3] [3, 3] [4, 3] [4, 4] [5, 4] [5, 5] [6, 5] [7, 5] 
      game 8:
        [1, 0] [2, 0] [2, 1] [3, 1] [4, 1] 
    result: [6, 2]
  match 27:
    set 1:
      game 1:
        [0, 1] [0, 2] [0, 3] [0, 4] 
      game 2:
        [1, 0] [2, 0] [3, 0] [3, 1] [4, 1] 
      game 3:
        [1, 0] [2, 0] [2, 1] [2, 2] [3, 2] [3, 3] [4, 3] [4, 4] [4, 5] [4, 6] 
      game 4:
        [1, 0] [2, 0] [3, 0] [4, 0] 
      game 5:
        [0, 1] [0, 2] [0, 3] [0, 4] 
      game 6:
        [0, 1] [0, 2] [0, 3] [1, 3] [1, 4] 
      game 7:
        [0, 1] [0, 2] [1, 2] [2, 2] [2, 3] [2, 4] 
      game 8:
        [0, 1] [1, 1] [2, 1] [3, 1] [4, 1] 
      game 9:
        [0, 1] [0, 2] [0, 3] [0, 4] 
    result: [3, 6]
    set 2:
      game 1:
        [1, 0] [2, 0] [3, 0] [3, 1] [4, 1] 
      game 2:
        [0, 1] [1, 1] [1, 2] [2, 2] [3, 2] [4, 2] 
      game 3:
        [1, 0] [1, 1] [1, 2] [1, 3] [1, 4] 
      game 4:
        [0, 1] [1, 1] [2, 1] [3, 1] [4, 1] 
      game 5:
        [1, 0] [2, 0] [2, 1] [2, 2] [2, 3] [2, 4] 
      game 6:
        [0, 1] [1, 1] [1, 2] [2, 2] [3, 2] [4, 2] 
      game 7:
        [0, 1] [1, 1] [2, 1] [2, 2] [2, 3] [3, 3] [4, 3] [5, 3] 
      game 8:
        [1, 0] [2, 0] [3, 0] [3, 1] [3, 2] [4, 2] 
    result: [6, 2]
    set 3:
      game 1:
        [1, 0] [2, 0] [3, 0] [4, 0] 
      game 2:
        [0, 1] [1, 1] [2, 1] [3, 1] [3, 2] [4, 2] 
      game 3:
        [0, 1] [1, 1] [2, 1] [3, 1] [4, 1] 
      game 4:
        [1, 0] [1, 1] [1, 2] [2, 2] [2, 3] [3, 3] [4, 3] [4, 4] [5, 4] [5, 5] [6, 5] [6, 6] [7, 6] [8, 6] 
      game 5:
        [1, 0] [2, 0] [2, 1] [3, 1] [3, 2] [4, 2] 
      game 6:
        [0, 1] [1, 1] [1, 2] [1, 3] [2, 3] [2, 4] 
      game 7:
        [1, 0] [2, 0] [3, 0] [3, 1] [4, 1] 
    result: [6, 1]
  match 28:
    set 1:
      game 1:
        [0, 1] [0, 2] [0, 3] [1, 3] [2, 3] [3, 3] [3, 4] [3, 5] 
      game 2:
        [1, 0] [2, 0] [2, 1] [3, 1] [4, 1] 
      game 3:
        [0, 1] [1, 1] [1, 2] [1, 3] [2, 3] [3, 3] [3, 4] [4, 4] [4, 5] [5, 5] [5, 6] [5, 7] 
      game 4:
        [1, 0] [2, 0] [2, 1] [3, 1] [4, 1] 
      game 5:
        [0, 1] [0, 2] [1, 2] [2, 2] [3, 2] [3, 3] [3, 4] [4, 4] [5, 4] [6, 4] 
      game 6:
        [0, 1] [0, 2] [0, 3] [1, 3] [2, 3] [2, 4] 
      game 7:
        [1, 0] [2, 0] [2, 1] [2, 2] [2, 3] [3, 3] [4, 3] [5, 3] 
      game 8:
        [1, 0] [1, 1] [1, 2] [1, 3] [1, 4] 
      game 9:
        [1, 0] [1, 1] [1, 2] [2, 2] [3, 2] [4, 2] 
      game 10:
        [1, 0] [1, 1] [1, 2] [2, 2] [3, 2] [3, 3] [4, 3] [5, 3] 
    result: [6, 4]
    set 2:
      game 1:
        [1, 0] [2, 0] [3, 0] [4, 0] 
      game 2:
        [0, 1] [0, 2] [1, 2] [1, 3] [2, 3] [3, 3] [4, 3] [5, 3] 
      game 3:
        [0, 1] [1, 1] [2, 1] [3, 1] [4, 1] 
      game 4:
        [0, 1] [1, 1] [1, 2] [1, 3] [2, 3] [3, 3] [4, 3] [4, 4] [4, 5] [4, 6] 
      game 5:
        [1, 0] [1, 1] [1, 2] [1, 3] [1, 4] 
      game 6:
        [1, 0] [1, 1] [2, 1] [3, 1] [3, 2] [4, 2] 
      game 7:
        [0, 1] [0, 2] [1, 2] [1, 3] [2, 3] [2, 4] 
      game 8:
        [0, 1] [1, 1] [1, 2] [1, 3] [1, 4] 
      game 9:
        [0, 1] [1, 1] [1, 2] [2, 2] [2, 3] [3, 3] [3, 4] [3, 5] 
      game 10:
        [1, 0] [2, 0] [3, 0] [3, 1] [3, 2] [4, 2] 
      game 11:
        [1, 0] [1, 1] [1, 2] [1, 3] [2, 3] [3, 3] [3, 4] [4, 4] [4, 5] [4, 6] 
      game 12:
        [1, 0] [2, 0] [2, 1] [3, 1] [4, 1] 
      game 13:
        [0, 1] [0, 2] [1, 2] [1, 3] [2, 3] [2, 4] [3, 4] [3, 5] [4, 5] [4, 6] [5, 6] [5, 7] 
    result: [6, 7]
    set 3:
      game 1:
        [0, 1] [0, 2] [1, 2] [1, 3] [1, 4] 
      game 2:
        [1, 0] [1, 1] [1, 2] [1, 3] [1, 4] 
      game 3:
        [1, 0] [2, 0] [2, 1] [3, 1] [3, 2] [4, 2] 
      game 4:
        [1, 0] [1, 1] [2, 1] [2, 2] [3, 2] [3, 3] [3, 4] [3, 5] 
      game 5:
        [0, 1] [0, 2] [1, 2] [2, 2] [2, 3] [3, 3] [4, 3] [4, 4] [4, 5] [4, 6] 
      game 6:
        [1, 0] [1, 1] [2, 1] [2, 2] [3, 2] [4, 2] 
      game 7:
        [0, 1] [1, 1] [2, 1] [2, 2] [3, 2] [4, 2] 
      game 8:
        [1, 0] [2, 0] [2, 1] [3, 1] [4, 1] 
      game 9:
        [0, 1] [1, 1] [1, 2] [2, 2] [2, 3] [3, 3] [3, 4] [3, 5] 
      game 10:
        [1, 0] [1, 1] [2, 1] [3, 1] [4, 1] 
      game 11:
        [1, 0] [1, 1] [1, 2] [2, 2] [2, 3] [2, 4] 
      game 12:
        [1, 0] [2, 0] [2, 1] [2, 2] [3, 2] [3, 3] [3, 4] [3, 5] 
    result: [5, 7]
  match 29:
    set 1:
      game 1:
        [0, 1] [0, 2] [0, 3] [1, 3] [2, 3] [3, 3] [4, 3] [4, 4] [4, 5] [4, 6] 
      game 2:
        [1, 0] [2, 0] [2, 1] [2, 2] [2, 3] [3, 3] [3, 4] [4, 4] [5, 4] [6, 4] 
      game 3:
        [0, 1] [1, 1] [1, 2] [1, 3] [2, 3] [3, 3] [3, 4] [3, 5] 
      game 4:
        [1, 0] [1, 1] [1, 2] [1, 3] [2, 3] [2, 4] 
      game 5:
        [1, 0] [2, 0] [3, 0] [4, 0] 
      game 6:
        [0, 1] [1, 1] [1, 2] [1, 3] [2, 3] [2, 4] 
      game 7:
        [0, 1] [1, 1] [1, 2] [2, 2] [2, 3] [3, 3] [3, 4] [4, 4] [5, 4] [5, 5] [6, 5] [6, 6] [7, 6] [7, 7] [7, 8] [8, 8] [8, 9] [9, 9] [9, 10] [10, 10] [10, 11] [11, 11] [12, 11] [12, 12] [13, 12] [14, 12] 
      game 8:
        [1, 0] [2, 0] [2, 1] [2, 2] [2, 3] [3, 3] [3, 4] [4, 4] [4, 5] [5, 5] [5, 6] [5, 7] 
      game 9:
        [1, 0] [1, 1] [2, 1] [2, 2] [3, 2] [3, 3] [4, 3] [5, 3] 
      game 10:
        [1, 0] [1, 1] [1, 2] [2, 2] [2, 3] [2, 4] 
    result: [4, 6]
    set 2:
      game 1:
        [1, 0] [2, 0] [2, 1] [2, 2] [2, 3] [3, 3] [4, 3] [5, 3] 
      game 2:
        [1, 0] [2, 0] [3, 0] [4, 0] 
      game 3:
        [1, 0] [2, 0] [2, 1] [3, 1] [3, 2] [3, 3] [3, 4] [4, 4] [5, 4] [6, 4] 
      game 4:
        [1, 0] [2, 0] [3, 0] [3, 1] [4, 1] 
      game 5:
        [1, 0] [1, 1] [2, 1] [2, 2] [3, 2] [3, 3] [3, 4] [4, 4] [5, 4] [6, 4] 
      game 6:
        [1, 0] [1, 1] [2, 1] [2, 2] [3, 2] [3, 3] [4, 3] [5, 3] 
    result: [6, 0]
    set 3:
      game 1:
        [0, 1] [1, 1] [1, 2] [2, 2] [2, 3] [2, 4] 
      game 2:
        [1, 0] [1, 1] [2, 1] [3, 1] [3, 2] [3, 3] [3, 4] [4, 4] [5, 4] [6, 4] 
      game 3:
        [1, 0] [1, 1] [1, 2] [1, 3] [1, 4] 
      game 4:
        [1, 0] [2, 0] [2, 1] [2, 2] [2, 3] [3, 3] [3, 4] [4, 4] [4, 5] [4, 6] 
      game 5:
        [1, 0] [1, 1] [2, 1] [2, 2] [3, 2] [3, 3] [4, 3] [5, 3] 
      game 6:
        [0, 1] [0, 2] [1, 2] [1, 3] [1, 4] 
      game 7:
        [1, 0] [2, 0] [2, 1] [3, 1] [3, 2] [4, 2] 
      game 8:
        [1, 0] [2, 0] [3, 0] [4, 0] 
      game 9:
        [0, 1] [0, 2] [1, 2] [2, 2] [3, 2] [3, 3] [4, 3] [4, 4] [5, 4] [6, 4] 
      game 10:
        [0, 1] [1, 1] [2, 1] [2, 2] [2, 3] [3, 3] [3, 4] [4, 4] [5, 4] [6, 4] 
    result: [6, 4]
  match 30:
    set 1:
      game 1:
        [1, 0] [1, 1] [1, 2] [1, 3] [2, 3] [3, 3] [3, 4] [3, 5] 
      game 2:
        [1, 0] [2, 0] [2, 1] [3, 1] [3, 2] [4, 2] 
      game 3:
        [1, 0] [2, 0] [3, 0] [3, 1] [4, 1] 
      game 4:
        [1, 0] [2, 0] [2, 1] [2, 2] [3, 2] [3, 3] [3, 4] [3, 5] 
      game 5:
        [0, 1] [1, 1] [2, 1] [3, 1] [3, 2] [3, 3] [3, 4] [3, 5] 
      game 6:
        [0, 1] [0, 2] [1, 2] [1, 3] [2, 3] [3, 3] [4, 3] [5, 3] 
      game 7:
        [1, 0] [2, 0] [2, 1] [2, 2] [3, 2] [3, 3] [3, 4] [3, 5] 
      game 8:
        [1, 0] [1, 1] [1, 2] [2, 2] [2, 3] [3, 3] [3, 4] [3, 5] 
      game 9:
        [0, 1] [0, 2] [0, 3] [1, 3] [1, 4] 
    result: [3, 6]
    set 2:
      game 1:
        [1, 0] [1, 1] [2, 1] [2, 2] [2, 3] [3, 3] [4, 3] [5, 3] 
      game 2:
        [1, 0] [2, 0] [3, 0] [4, 0] 
      game 3:
        [0, 1] [0, 2] [0, 3] [0, 4] 
      game 4:
        [0, 1] [0, 2] [1, 2] [1, 3] [2, 3] [3, 3] [4, 3] [4, 4] [4, 5] [4, 6] 
      game 5:
        [0, 1] [0, 2] [1, 2] [2, 2] [2, 3] [2, 4] 
      game 6:
        [0, 1] [0, 2] [1, 2] [2, 2] [2, 3] [2, 4] 
      game 7:
        [0, 1] [1, 1] [1, 2] [2, 2] [2, 3] [2, 4] 
      game 8:
        [1, 0] [1, 1] [2, 1] [2, 2] [3, 2] [4, 2] 
      game 9:
        [0, 1] [1, 1] [2, 1] [3, 1] [4, 1] 
      game 10:
        [1, 0] [2, 0] [3, 0] [3, 1] [4, 1] 
      game 11:
        [0, 1] [1, 1] [2, 1] [3, 1] [3, 2] [4, 2] 
      game 12:
        [0, 1] [1, 1] [1, 2] [2, 2] [3, 2] [3, 3] [3, 4] [4, 4] [4, 5] [4, 6] 
      game 13:
        [0, 1] [1, 1] [1, 2] [2, 2] [2, 3] [2, 4] [2, 5] [2, 6] [2, 7] 
    result: [6, 7]
resultados grupo 2 : [14, 16]
